"Total Time","Mean Performance","Wallclock Time","Incumbent ID","Automatic Configurator Time","Configuration..."
0.0997, 100000000, 0.0003, 0, 0.0997, alpha='100', beta='0.001', bound='2.0', crossoverRate='0.6', elitism='0.01', interAttemptRate='10', interMutationRate='0.25', intraMutationRate='0.2', populationSize='400', probBestIndividual='0.8', probReversal='0.33', probSingle='0.33'
0.2007, 2700.0, 4.7219, 0, 0.1007, alpha='100', beta='0.001', bound='2.0', crossoverRate='0.6', elitism='0.01', interAttemptRate='10', interMutationRate='0.25', intraMutationRate='0.2', populationSize='400', probBestIndividual='0.8', probReversal='0.33', probSingle='0.33'
0.3021, 2682.0, 9.1386, 1, 0.1021, alpha='150', beta='0.1', bound='1.0', crossoverRate='1.0', elitism='0.01', interAttemptRate='10', interMutationRate='0.25', intraMutationRate='0.2', populationSize='800', probBestIndividual='1.0', probReversal='1.0', probSingle='0.50'
0.5048, 2650.0, 16.7309, 3, 0.1048, alpha='50', beta='1.0', bound='1.5', crossoverRate='1.0', elitism='0.20', interAttemptRate='5', interMutationRate='0.25', intraMutationRate='0.25', populationSize='50', probBestIndividual='0.9', probReversal='0.0', probSingle='0.33'
2.3270, 2616.0, 82.2968, 21, 0.1270, alpha='50', beta='1.0', bound='1.5', crossoverRate='1.0', elitism='0.20', interAttemptRate='5', interMutationRate='0.25', intraMutationRate='0.25', populationSize='500', probBestIndividual='0.9', probReversal='0.0', probSingle='0.33'
2.4283, 2646.5, 87.5939, 21, 0.1283, alpha='50', beta='1.0', bound='1.5', crossoverRate='1.0', elitism='0.20', interAttemptRate='5', interMutationRate='0.25', intraMutationRate='0.25', populationSize='500', probBestIndividual='0.9', probReversal='0.0', probSingle='0.33'
2.5296, 2639.0, 91.1871, 21, 0.1296, alpha='50', beta='1.0', bound='1.5', crossoverRate='1.0', elitism='0.20', interAttemptRate='5', interMutationRate='0.25', intraMutationRate='0.25', populationSize='500', probBestIndividual='0.9', probReversal='0.0', probSingle='0.33'
2.6309, 2645.25, 95.4439, 21, 0.1309, alpha='50', beta='1.0', bound='1.5', crossoverRate='1.0', elitism='0.20', interAttemptRate='5', interMutationRate='0.25', intraMutationRate='0.25', populationSize='500', probBestIndividual='0.9', probReversal='0.0', probSingle='0.33'
2.7322, 2641.8, 100.0095, 21, 0.1322, alpha='50', beta='1.0', bound='1.5', crossoverRate='1.0', elitism='0.20', interAttemptRate='5', interMutationRate='0.25', intraMutationRate='0.25', populationSize='500', probBestIndividual='0.9', probReversal='0.0', probSingle='0.33'
2.8336, 2641.8333333333335, 105.5176, 21, 0.1336, alpha='50', beta='1.0', bound='1.5', crossoverRate='1.0', elitism='0.20', interAttemptRate='5', interMutationRate='0.25', intraMutationRate='0.25', populationSize='500', probBestIndividual='0.9', probReversal='0.0', probSingle='0.33'
2.9350, 2640.714285714286, 109.0326, 21, 0.1350, alpha='50', beta='1.0', bound='1.5', crossoverRate='1.0', elitism='0.20', interAttemptRate='5', interMutationRate='0.25', intraMutationRate='0.25', populationSize='500', probBestIndividual='0.9', probReversal='0.0', probSingle='0.33'
3.0362, 2640.375, 113.3328, 21, 0.1362, alpha='50', beta='1.0', bound='1.5', crossoverRate='1.0', elitism='0.20', interAttemptRate='5', interMutationRate='0.25', intraMutationRate='0.25', populationSize='500', probBestIndividual='0.9', probReversal='0.0', probSingle='0.33'
3.1376, 2640.8888888888887, 118.8463, 21, 0.1376, alpha='50', beta='1.0', bound='1.5', crossoverRate='1.0', elitism='0.20', interAttemptRate='5', interMutationRate='0.25', intraMutationRate='0.25', populationSize='500', probBestIndividual='0.9', probReversal='0.0', probSingle='0.33'
3.2392, 2636.8, 122.4103, 21, 0.1392, alpha='50', beta='1.0', bound='1.5', crossoverRate='1.0', elitism='0.20', interAttemptRate='5', interMutationRate='0.25', intraMutationRate='0.25', populationSize='500', probBestIndividual='0.9', probReversal='0.0', probSingle='0.33'
3.3407, 2633.818181818182, 127.8299, 21, 0.1407, alpha='50', beta='1.0', bound='1.5', crossoverRate='1.0', elitism='0.20', interAttemptRate='5', interMutationRate='0.25', intraMutationRate='0.25', populationSize='500', probBestIndividual='0.9', probReversal='0.0', probSingle='0.33'
3.4422, 2628.0833333333335, 131.0811, 21, 0.1422, alpha='50', beta='1.0', bound='1.5', crossoverRate='1.0', elitism='0.20', interAttemptRate='5', interMutationRate='0.25', intraMutationRate='0.25', populationSize='500', probBestIndividual='0.9', probReversal='0.0', probSingle='0.33'
16.0974, 2631.769230769231, 675.1873, 21, 0.2974, alpha='50', beta='1.0', bound='1.5', crossoverRate='1.0', elitism='0.20', interAttemptRate='5', interMutationRate='0.25', intraMutationRate='0.25', populationSize='500', probBestIndividual='0.9', probReversal='0.0', probSingle='0.33'
16.3005, 2632.785714285714, 684.7376, 21, 0.3005, alpha='50', beta='1.0', bound='1.5', crossoverRate='1.0', elitism='0.20', interAttemptRate='5', interMutationRate='0.25', intraMutationRate='0.25', populationSize='500', probBestIndividual='0.9', probReversal='0.0', probSingle='0.33'
16.5036, 2630.8, 693.7371, 21, 0.3036, alpha='50', beta='1.0', bound='1.5', crossoverRate='1.0', elitism='0.20', interAttemptRate='5', interMutationRate='0.25', intraMutationRate='0.25', populationSize='500', probBestIndividual='0.9', probReversal='0.0', probSingle='0.33'
16.7070, 2630.1875, 702.9456, 21, 0.3070, alpha='50', beta='1.0', bound='1.5', crossoverRate='1.0', elitism='0.20', interAttemptRate='5', interMutationRate='0.25', intraMutationRate='0.25', populationSize='500', probBestIndividual='0.9', probReversal='0.0', probSingle='0.33'
16.9102, 2632.235294117647, 711.7960, 21, 0.3102, alpha='50', beta='1.0', bound='1.5', crossoverRate='1.0', elitism='0.20', interAttemptRate='5', interMutationRate='0.25', intraMutationRate='0.25', populationSize='500', probBestIndividual='0.9', probReversal='0.0', probSingle='0.33'
17.1138, 2634.0, 720.8861, 21, 0.3138, alpha='50', beta='1.0', bound='1.5', crossoverRate='1.0', elitism='0.20', interAttemptRate='5', interMutationRate='0.25', intraMutationRate='0.25', populationSize='500', probBestIndividual='0.9', probReversal='0.0', probSingle='0.33'
17.3173, 2634.9473684210525, 729.7342, 21, 0.3173, alpha='50', beta='1.0', bound='1.5', crossoverRate='1.0', elitism='0.20', interAttemptRate='5', interMutationRate='0.25', intraMutationRate='0.25', populationSize='500', probBestIndividual='0.9', probReversal='0.0', probSingle='0.33'
17.5206, 2634.95, 738.7268, 21, 0.3206, alpha='50', beta='1.0', bound='1.5', crossoverRate='1.0', elitism='0.20', interAttemptRate='5', interMutationRate='0.25', intraMutationRate='0.25', populationSize='500', probBestIndividual='0.9', probReversal='0.0', probSingle='0.33'
17.7242, 2638.6666666666665, 747.5212, 21, 0.3242, alpha='50', beta='1.0', bound='1.5', crossoverRate='1.0', elitism='0.20', interAttemptRate='5', interMutationRate='0.25', intraMutationRate='0.25', populationSize='500', probBestIndividual='0.9', probReversal='0.0', probSingle='0.33'
17.9287, 2639.590909090909, 756.5753, 21, 0.3287, alpha='50', beta='1.0', bound='1.5', crossoverRate='1.0', elitism='0.20', interAttemptRate='5', interMutationRate='0.25', intraMutationRate='0.25', populationSize='500', probBestIndividual='0.9', probReversal='0.0', probSingle='0.33'
18.1329, 2639.304347826087, 764.1261, 21, 0.3329, alpha='50', beta='1.0', bound='1.5', crossoverRate='1.0', elitism='0.20', interAttemptRate='5', interMutationRate='0.25', intraMutationRate='0.25', populationSize='500', probBestIndividual='0.9', probReversal='0.0', probSingle='0.33'
18.3370, 2637.875, 773.8645, 21, 0.3370, alpha='50', beta='1.0', bound='1.5', crossoverRate='1.0', elitism='0.20', interAttemptRate='5', interMutationRate='0.25', intraMutationRate='0.25', populationSize='500', probBestIndividual='0.9', probReversal='0.0', probSingle='0.33'
18.5409, 2638.32, 782.9194, 21, 0.3409, alpha='50', beta='1.0', bound='1.5', crossoverRate='1.0', elitism='0.20', interAttemptRate='5', interMutationRate='0.25', intraMutationRate='0.25', populationSize='500', probBestIndividual='0.9', probReversal='0.0', probSingle='0.33'
18.7451, 2638.653846153846, 791.9661, 21, 0.3451, alpha='50', beta='1.0', bound='1.5', crossoverRate='1.0', elitism='0.20', interAttemptRate='5', interMutationRate='0.25', intraMutationRate='0.25', populationSize='500', probBestIndividual='0.9', probReversal='0.0', probSingle='0.33'
18.9494, 2640.8518518518517, 800.8892, 21, 0.3494, alpha='50', beta='1.0', bound='1.5', crossoverRate='1.0', elitism='0.20', interAttemptRate='5', interMutationRate='0.25', intraMutationRate='0.25', populationSize='500', probBestIndividual='0.9', probReversal='0.0', probSingle='0.33'
19.1529, 2643.214285714286, 809.0019, 21, 0.3529, alpha='50', beta='1.0', bound='1.5', crossoverRate='1.0', elitism='0.20', interAttemptRate='5', interMutationRate='0.25', intraMutationRate='0.25', populationSize='500', probBestIndividual='0.9', probReversal='0.0', probSingle='0.33'
19.3569, 2642.9310344827586, 818.5221, 21, 0.3569, alpha='50', beta='1.0', bound='1.5', crossoverRate='1.0', elitism='0.20', interAttemptRate='5', interMutationRate='0.25', intraMutationRate='0.25', populationSize='500', probBestIndividual='0.9', probReversal='0.0', probSingle='0.33'
19.5612, 2643.3, 826.3214, 21, 0.3612, alpha='50', beta='1.0', bound='1.5', crossoverRate='1.0', elitism='0.20', interAttemptRate='5', interMutationRate='0.25', intraMutationRate='0.25', populationSize='500', probBestIndividual='0.9', probReversal='0.0', probSingle='0.33'
19.7656, 2643.1935483870966, 835.8020, 21, 0.3656, alpha='50', beta='1.0', bound='1.5', crossoverRate='1.0', elitism='0.20', interAttemptRate='5', interMutationRate='0.25', intraMutationRate='0.25', populationSize='500', probBestIndividual='0.9', probReversal='0.0', probSingle='0.33'
19.9700, 2642.28125, 844.5443, 21, 0.3700, alpha='50', beta='1.0', bound='1.5', crossoverRate='1.0', elitism='0.20', interAttemptRate='5', interMutationRate='0.25', intraMutationRate='0.25', populationSize='500', probBestIndividual='0.9', probReversal='0.0', probSingle='0.33'
20.1750, 2643.181818181818, 853.5020, 21, 0.3750, alpha='50', beta='1.0', bound='1.5', crossoverRate='1.0', elitism='0.20', interAttemptRate='5', interMutationRate='0.25', intraMutationRate='0.25', populationSize='500', probBestIndividual='0.9', probReversal='0.0', probSingle='0.33'
20.3797, 2642.794117647059, 861.9992, 21, 0.3797, alpha='50', beta='1.0', bound='1.5', crossoverRate='1.0', elitism='0.20', interAttemptRate='5', interMutationRate='0.25', intraMutationRate='0.25', populationSize='500', probBestIndividual='0.9', probReversal='0.0', probSingle='0.33'
20.5845, 2641.4, 870.5069, 21, 0.3845, alpha='50', beta='1.0', bound='1.5', crossoverRate='1.0', elitism='0.20', interAttemptRate='5', interMutationRate='0.25', intraMutationRate='0.25', populationSize='500', probBestIndividual='0.9', probReversal='0.0', probSingle='0.33'
20.7892, 2641.722222222222, 878.2876, 21, 0.3892, alpha='50', beta='1.0', bound='1.5', crossoverRate='1.0', elitism='0.20', interAttemptRate='5', interMutationRate='0.25', intraMutationRate='0.25', populationSize='500', probBestIndividual='0.9', probReversal='0.0', probSingle='0.33'
20.9940, 2643.0, 887.4092, 21, 0.3940, alpha='50', beta='1.0', bound='1.5', crossoverRate='1.0', elitism='0.20', interAttemptRate='5', interMutationRate='0.25', intraMutationRate='0.25', populationSize='500', probBestIndividual='0.9', probReversal='0.0', probSingle='0.33'
21.1990, 2642.2631578947367, 897.5480, 21, 0.3990, alpha='50', beta='1.0', bound='1.5', crossoverRate='1.0', elitism='0.20', interAttemptRate='5', interMutationRate='0.25', intraMutationRate='0.25', populationSize='500', probBestIndividual='0.9', probReversal='0.0', probSingle='0.33'
21.4038, 2642.128205128205, 905.0564, 21, 0.4038, alpha='50', beta='1.0', bound='1.5', crossoverRate='1.0', elitism='0.20', interAttemptRate='5', interMutationRate='0.25', intraMutationRate='0.25', populationSize='500', probBestIndividual='0.9', probReversal='0.0', probSingle='0.33'
21.6088, 2641.7, 914.8484, 21, 0.4088, alpha='50', beta='1.0', bound='1.5', crossoverRate='1.0', elitism='0.20', interAttemptRate='5', interMutationRate='0.25', intraMutationRate='0.25', populationSize='500', probBestIndividual='0.9', probReversal='0.0', probSingle='0.33'
21.8139, 2642.1951219512193, 923.1782, 21, 0.4139, alpha='50', beta='1.0', bound='1.5', crossoverRate='1.0', elitism='0.20', interAttemptRate='5', interMutationRate='0.25', intraMutationRate='0.25', populationSize='500', probBestIndividual='0.9', probReversal='0.0', probSingle='0.33'
22.0195, 2642.8333333333335, 932.2897, 21, 0.4195, alpha='50', beta='1.0', bound='1.5', crossoverRate='1.0', elitism='0.20', interAttemptRate='5', interMutationRate='0.25', intraMutationRate='0.25', populationSize='500', probBestIndividual='0.9', probReversal='0.0', probSingle='0.33'
22.2249, 2642.8837209302324, 941.1653, 21, 0.4249, alpha='50', beta='1.0', bound='1.5', crossoverRate='1.0', elitism='0.20', interAttemptRate='5', interMutationRate='0.25', intraMutationRate='0.25', populationSize='500', probBestIndividual='0.9', probReversal='0.0', probSingle='0.33'
22.4301, 2643.9545454545455, 950.0515, 21, 0.4301, alpha='50', beta='1.0', bound='1.5', crossoverRate='1.0', elitism='0.20', interAttemptRate='5', interMutationRate='0.25', intraMutationRate='0.25', populationSize='500', probBestIndividual='0.9', probReversal='0.0', probSingle='0.33'
22.6354, 2644.5333333333333, 959.2320, 21, 0.4354, alpha='50', beta='1.0', bound='1.5', crossoverRate='1.0', elitism='0.20', interAttemptRate='5', interMutationRate='0.25', intraMutationRate='0.25', populationSize='500', probBestIndividual='0.9', probReversal='0.0', probSingle='0.33'
22.8409, 2644.3695652173915, 968.0293, 21, 0.4409, alpha='50', beta='1.0', bound='1.5', crossoverRate='1.0', elitism='0.20', interAttemptRate='5', interMutationRate='0.25', intraMutationRate='0.25', populationSize='500', probBestIndividual='0.9', probReversal='0.0', probSingle='0.33'
23.0464, 2645.3829787234044, 977.5351, 21, 0.4464, alpha='50', beta='1.0', bound='1.5', crossoverRate='1.0', elitism='0.20', interAttemptRate='5', interMutationRate='0.25', intraMutationRate='0.25', populationSize='500', probBestIndividual='0.9', probReversal='0.0', probSingle='0.33'
23.2520, 2646.4166666666665, 985.3259, 21, 0.4520, alpha='50', beta='1.0', bound='1.5', crossoverRate='1.0', elitism='0.20', interAttemptRate='5', interMutationRate='0.25', intraMutationRate='0.25', populationSize='500', probBestIndividual='0.9', probReversal='0.0', probSingle='0.33'
23.4576, 2647.0408163265306, 994.4220, 21, 0.4576, alpha='50', beta='1.0', bound='1.5', crossoverRate='1.0', elitism='0.20', interAttemptRate='5', interMutationRate='0.25', intraMutationRate='0.25', populationSize='500', probBestIndividual='0.9', probReversal='0.0', probSingle='0.33'
23.6638, 2647.56, 1003.1916, 21, 0.4638, alpha='50', beta='1.0', bound='1.5', crossoverRate='1.0', elitism='0.20', interAttemptRate='5', interMutationRate='0.25', intraMutationRate='0.25', populationSize='500', probBestIndividual='0.9', probReversal='0.0', probSingle='0.33'
23.8695, 2648.5098039215686, 1012.2655, 21, 0.4695, alpha='50', beta='1.0', bound='1.5', crossoverRate='1.0', elitism='0.20', interAttemptRate='5', interMutationRate='0.25', intraMutationRate='0.25', populationSize='500', probBestIndividual='0.9', probReversal='0.0', probSingle='0.33'
24.0752, 2648.2884615384614, 1021.2520, 21, 0.4752, alpha='50', beta='1.0', bound='1.5', crossoverRate='1.0', elitism='0.20', interAttemptRate='5', interMutationRate='0.25', intraMutationRate='0.25', populationSize='500', probBestIndividual='0.9', probReversal='0.0', probSingle='0.33'
24.2809, 2648.169811320755, 1030.7747, 21, 0.4809, alpha='50', beta='1.0', bound='1.5', crossoverRate='1.0', elitism='0.20', interAttemptRate='5', interMutationRate='0.25', intraMutationRate='0.25', populationSize='500', probBestIndividual='0.9', probReversal='0.0', probSingle='0.33'
24.4867, 2648.240740740741, 1039.5650, 21, 0.4867, alpha='50', beta='1.0', bound='1.5', crossoverRate='1.0', elitism='0.20', interAttemptRate='5', interMutationRate='0.25', intraMutationRate='0.25', populationSize='500', probBestIndividual='0.9', probReversal='0.0', probSingle='0.33'
24.6926, 2647.490909090909, 1047.4377, 21, 0.4926, alpha='50', beta='1.0', bound='1.5', crossoverRate='1.0', elitism='0.20', interAttemptRate='5', interMutationRate='0.25', intraMutationRate='0.25', populationSize='500', probBestIndividual='0.9', probReversal='0.0', probSingle='0.33'
24.8991, 2646.2678571428573, 1056.0155, 21, 0.4991, alpha='50', beta='1.0', bound='1.5', crossoverRate='1.0', elitism='0.20', interAttemptRate='5', interMutationRate='0.25', intraMutationRate='0.25', populationSize='500', probBestIndividual='0.9', probReversal='0.0', probSingle='0.33'
25.1052, 2645.9473684210525, 1065.6018, 21, 0.5052, alpha='50', beta='1.0', bound='1.5', crossoverRate='1.0', elitism='0.20', interAttemptRate='5', interMutationRate='0.25', intraMutationRate='0.25', populationSize='500', probBestIndividual='0.9', probReversal='0.0', probSingle='0.33'
25.3114, 2646.5344827586205, 1073.1314, 21, 0.5114, alpha='50', beta='1.0', bound='1.5', crossoverRate='1.0', elitism='0.20', interAttemptRate='5', interMutationRate='0.25', intraMutationRate='0.25', populationSize='500', probBestIndividual='0.9', probReversal='0.0', probSingle='0.33'
25.5176, 2645.64406779661, 1082.9976, 21, 0.5176, alpha='50', beta='1.0', bound='1.5', crossoverRate='1.0', elitism='0.20', interAttemptRate='5', interMutationRate='0.25', intraMutationRate='0.25', populationSize='500', probBestIndividual='0.9', probReversal='0.0', probSingle='0.33'
25.7237, 2645.95, 1091.3970, 21, 0.5237, alpha='50', beta='1.0', bound='1.5', crossoverRate='1.0', elitism='0.20', interAttemptRate='5', interMutationRate='0.25', intraMutationRate='0.25', populationSize='500', probBestIndividual='0.9', probReversal='0.0', probSingle='0.33'
25.9299, 2645.7377049180327, 1100.2760, 21, 0.5299, alpha='50', beta='1.0', bound='1.5', crossoverRate='1.0', elitism='0.20', interAttemptRate='5', interMutationRate='0.25', intraMutationRate='0.25', populationSize='500', probBestIndividual='0.9', probReversal='0.0', probSingle='0.33'
26.1366, 2647.7258064516127, 1109.0513, 21, 0.5366, alpha='50', beta='1.0', bound='1.5', crossoverRate='1.0', elitism='0.20', interAttemptRate='5', interMutationRate='0.25', intraMutationRate='0.25', populationSize='500', probBestIndividual='0.9', probReversal='0.0', probSingle='0.33'
26.3431, 2648.3809523809523, 1118.1375, 21, 0.5431, alpha='50', beta='1.0', bound='1.5', crossoverRate='1.0', elitism='0.20', interAttemptRate='5', interMutationRate='0.25', intraMutationRate='0.25', populationSize='500', probBestIndividual='0.9', probReversal='0.0', probSingle='0.33'
26.5498, 2647.53125, 1127.6524, 21, 0.5498, alpha='50', beta='1.0', bound='1.5', crossoverRate='1.0', elitism='0.20', interAttemptRate='5', interMutationRate='0.25', intraMutationRate='0.25', populationSize='500', probBestIndividual='0.9', probReversal='0.0', probSingle='0.33'
26.7566, 2647.3384615384616, 1135.4585, 21, 0.5566, alpha='50', beta='1.0', bound='1.5', crossoverRate='1.0', elitism='0.20', interAttemptRate='5', interMutationRate='0.25', intraMutationRate='0.25', populationSize='500', probBestIndividual='0.9', probReversal='0.0', probSingle='0.33'
26.9632, 2647.060606060606, 1144.4218, 21, 0.5632, alpha='50', beta='1.0', bound='1.5', crossoverRate='1.0', elitism='0.20', interAttemptRate='5', interMutationRate='0.25', intraMutationRate='0.25', populationSize='500', probBestIndividual='0.9', probReversal='0.0', probSingle='0.33'
38.9157, 2647.313432835821, 1671.8730, 21, 0.7157, alpha='50', beta='1.0', bound='1.5', crossoverRate='1.0', elitism='0.20', interAttemptRate='5', interMutationRate='0.25', intraMutationRate='0.25', populationSize='500', probBestIndividual='0.9', probReversal='0.0', probSingle='0.33'
39.1229, 2647.3823529411766, 1680.2031, 21, 0.7229, alpha='50', beta='1.0', bound='1.5', crossoverRate='1.0', elitism='0.20', interAttemptRate='5', interMutationRate='0.25', intraMutationRate='0.25', populationSize='500', probBestIndividual='0.9', probReversal='0.0', probSingle='0.33'
39.3305, 2647.086956521739, 1690.5589, 21, 0.7305, alpha='50', beta='1.0', bound='1.5', crossoverRate='1.0', elitism='0.20', interAttemptRate='5', interMutationRate='0.25', intraMutationRate='0.25', populationSize='500', probBestIndividual='0.9', probReversal='0.0', probSingle='0.33'
39.5378, 2647.0285714285715, 1698.4687, 21, 0.7378, alpha='50', beta='1.0', bound='1.5', crossoverRate='1.0', elitism='0.20', interAttemptRate='5', interMutationRate='0.25', intraMutationRate='0.25', populationSize='500', probBestIndividual='0.9', probReversal='0.0', probSingle='0.33'
39.7451, 2646.3380281690143, 1708.8016, 21, 0.7451, alpha='50', beta='1.0', bound='1.5', crossoverRate='1.0', elitism='0.20', interAttemptRate='5', interMutationRate='0.25', intraMutationRate='0.25', populationSize='500', probBestIndividual='0.9', probReversal='0.0', probSingle='0.33'
39.9524, 2647.4861111111113, 1717.1510, 21, 0.7524, alpha='50', beta='1.0', bound='1.5', crossoverRate='1.0', elitism='0.20', interAttemptRate='5', interMutationRate='0.25', intraMutationRate='0.25', populationSize='500', probBestIndividual='0.9', probReversal='0.0', probSingle='0.33'
40.1596, 2646.986301369863, 1726.4322, 21, 0.7596, alpha='50', beta='1.0', bound='1.5', crossoverRate='1.0', elitism='0.20', interAttemptRate='5', interMutationRate='0.25', intraMutationRate='0.25', populationSize='500', probBestIndividual='0.9', probReversal='0.0', probSingle='0.33'
40.3672, 2646.8513513513512, 1736.8190, 21, 0.7672, alpha='50', beta='1.0', bound='1.5', crossoverRate='1.0', elitism='0.20', interAttemptRate='5', interMutationRate='0.25', intraMutationRate='0.25', populationSize='500', probBestIndividual='0.9', probReversal='0.0', probSingle='0.33'
40.5746, 2646.8533333333335, 1745.9218, 21, 0.7746, alpha='50', beta='1.0', bound='1.5', crossoverRate='1.0', elitism='0.20', interAttemptRate='5', interMutationRate='0.25', intraMutationRate='0.25', populationSize='500', probBestIndividual='0.9', probReversal='0.0', probSingle='0.33'
40.7820, 2646.934210526316, 1754.2402, 21, 0.7820, alpha='50', beta='1.0', bound='1.5', crossoverRate='1.0', elitism='0.20', interAttemptRate='5', interMutationRate='0.25', intraMutationRate='0.25', populationSize='500', probBestIndividual='0.9', probReversal='0.0', probSingle='0.33'
40.9893, 2647.0, 1764.6688, 21, 0.7893, alpha='50', beta='1.0', bound='1.5', crossoverRate='1.0', elitism='0.20', interAttemptRate='5', interMutationRate='0.25', intraMutationRate='0.25', populationSize='500', probBestIndividual='0.9', probReversal='0.0', probSingle='0.33'
41.1969, 2646.474358974359, 1773.5940, 21, 0.7969, alpha='50', beta='1.0', bound='1.5', crossoverRate='1.0', elitism='0.20', interAttemptRate='5', interMutationRate='0.25', intraMutationRate='0.25', populationSize='500', probBestIndividual='0.9', probReversal='0.0', probSingle='0.33'
41.4048, 2646.3164556962024, 1782.9229, 21, 0.8048, alpha='50', beta='1.0', bound='1.5', crossoverRate='1.0', elitism='0.20', interAttemptRate='5', interMutationRate='0.25', intraMutationRate='0.25', populationSize='500', probBestIndividual='0.9', probReversal='0.0', probSingle='0.33'
41.6125, 2645.8125, 1791.1919, 21, 0.8125, alpha='50', beta='1.0', bound='1.5', crossoverRate='1.0', elitism='0.20', interAttemptRate='5', interMutationRate='0.25', intraMutationRate='0.25', populationSize='500', probBestIndividual='0.9', probReversal='0.0', probSingle='0.33'
41.8200, 2645.222222222222, 1801.0242, 21, 0.8200, alpha='50', beta='1.0', bound='1.5', crossoverRate='1.0', elitism='0.20', interAttemptRate='5', interMutationRate='0.25', intraMutationRate='0.25', populationSize='500', probBestIndividual='0.9', probReversal='0.0', probSingle='0.33'
42.0277, 2646.2195121951218, 1810.1669, 21, 0.8277, alpha='50', beta='1.0', bound='1.5', crossoverRate='1.0', elitism='0.20', interAttemptRate='5', interMutationRate='0.25', intraMutationRate='0.25', populationSize='500', probBestIndividual='0.9', probReversal='0.0', probSingle='0.33'
42.2359, 2645.855421686747, 1820.5113, 21, 0.8359, alpha='50', beta='1.0', bound='1.5', crossoverRate='1.0', elitism='0.20', interAttemptRate='5', interMutationRate='0.25', intraMutationRate='0.25', populationSize='500', probBestIndividual='0.9', probReversal='0.0', probSingle='0.33'
42.4442, 2645.1428571428573, 1829.5404, 21, 0.8442, alpha='50', beta='1.0', bound='1.5', crossoverRate='1.0', elitism='0.20', interAttemptRate='5', interMutationRate='0.25', intraMutationRate='0.25', populationSize='500', probBestIndividual='0.9', probReversal='0.0', probSingle='0.33'
42.6521, 2644.670588235294, 1838.5917, 21, 0.8521, alpha='50', beta='1.0', bound='1.5', crossoverRate='1.0', elitism='0.20', interAttemptRate='5', interMutationRate='0.25', intraMutationRate='0.25', populationSize='500', probBestIndividual='0.9', probReversal='0.0', probSingle='0.33'
42.8601, 2644.9651162790697, 1847.8661, 21, 0.8601, alpha='50', beta='1.0', bound='1.5', crossoverRate='1.0', elitism='0.20', interAttemptRate='5', interMutationRate='0.25', intraMutationRate='0.25', populationSize='500', probBestIndividual='0.9', probReversal='0.0', probSingle='0.33'
43.0684, 2644.793103448276, 1856.9071, 21, 0.8684, alpha='50', beta='1.0', bound='1.5', crossoverRate='1.0', elitism='0.20', interAttemptRate='5', interMutationRate='0.25', intraMutationRate='0.25', populationSize='500', probBestIndividual='0.9', probReversal='0.0', probSingle='0.33'
43.2768, 2644.818181818182, 1865.3204, 21, 0.8768, alpha='50', beta='1.0', bound='1.5', crossoverRate='1.0', elitism='0.20', interAttemptRate='5', interMutationRate='0.25', intraMutationRate='0.25', populationSize='500', probBestIndividual='0.9', probReversal='0.0', probSingle='0.33'
43.4842, 2645.5730337078653, 1875.7547, 21, 0.8842, alpha='50', beta='1.0', bound='1.5', crossoverRate='1.0', elitism='0.20', interAttemptRate='5', interMutationRate='0.25', intraMutationRate='0.25', populationSize='500', probBestIndividual='0.9', probReversal='0.0', probSingle='0.33'
43.6924, 2645.811111111111, 1884.1841, 21, 0.8924, alpha='50', beta='1.0', bound='1.5', crossoverRate='1.0', elitism='0.20', interAttemptRate='5', interMutationRate='0.25', intraMutationRate='0.25', populationSize='500', probBestIndividual='0.9', probReversal='0.0', probSingle='0.33'
43.9008, 2646.131868131868, 1894.7990, 21, 0.9008, alpha='50', beta='1.0', bound='1.5', crossoverRate='1.0', elitism='0.20', interAttemptRate='5', interMutationRate='0.25', intraMutationRate='0.25', populationSize='500', probBestIndividual='0.9', probReversal='0.0', probSingle='0.33'
44.1083, 2647.3695652173915, 1904.5928, 21, 0.9083, alpha='50', beta='1.0', bound='1.5', crossoverRate='1.0', elitism='0.20', interAttemptRate='5', interMutationRate='0.25', intraMutationRate='0.25', populationSize='500', probBestIndividual='0.9', probReversal='0.0', probSingle='0.33'
44.3162, 2647.462365591398, 1913.2440, 21, 0.9162, alpha='50', beta='1.0', bound='1.5', crossoverRate='1.0', elitism='0.20', interAttemptRate='5', interMutationRate='0.25', intraMutationRate='0.25', populationSize='500', probBestIndividual='0.9', probReversal='0.0', probSingle='0.33'
44.5242, 2646.7127659574467, 1922.2077, 21, 0.9242, alpha='50', beta='1.0', bound='1.5', crossoverRate='1.0', elitism='0.20', interAttemptRate='5', interMutationRate='0.25', intraMutationRate='0.25', populationSize='500', probBestIndividual='0.9', probReversal='0.0', probSingle='0.33'
44.7329, 2646.821052631579, 1931.1274, 21, 0.9329, alpha='50', beta='1.0', bound='1.5', crossoverRate='1.0', elitism='0.20', interAttemptRate='5', interMutationRate='0.25', intraMutationRate='0.25', populationSize='500', probBestIndividual='0.9', probReversal='0.0', probSingle='0.33'
44.9409, 2647.0729166666665, 1941.7209, 21, 0.9409, alpha='50', beta='1.0', bound='1.5', crossoverRate='1.0', elitism='0.20', interAttemptRate='5', interMutationRate='0.25', intraMutationRate='0.25', populationSize='500', probBestIndividual='0.9', probReversal='0.0', probSingle='0.33'
45.1483, 2646.938144329897, 1950.3192, 21, 0.9483, alpha='50', beta='1.0', bound='1.5', crossoverRate='1.0', elitism='0.20', interAttemptRate='5', interMutationRate='0.25', intraMutationRate='0.25', populationSize='500', probBestIndividual='0.9', probReversal='0.0', probSingle='0.33'
45.3572, 2647.2551020408164, 1960.0570, 21, 0.9572, alpha='50', beta='1.0', bound='1.5', crossoverRate='1.0', elitism='0.20', interAttemptRate='5', interMutationRate='0.25', intraMutationRate='0.25', populationSize='500', probBestIndividual='0.9', probReversal='0.0', probSingle='0.33'
45.5659, 2647.2929292929293, 1970.7585, 21, 0.9659, alpha='50', beta='1.0', bound='1.5', crossoverRate='1.0', elitism='0.20', interAttemptRate='5', interMutationRate='0.25', intraMutationRate='0.25', populationSize='500', probBestIndividual='0.9', probReversal='0.0', probSingle='0.33'
45.7747, 2647.28, 1979.0527, 21, 0.9747, alpha='50', beta='1.0', bound='1.5', crossoverRate='1.0', elitism='0.20', interAttemptRate='5', interMutationRate='0.25', intraMutationRate='0.25', populationSize='500', probBestIndividual='0.9', probReversal='0.0', probSingle='0.33'
45.9831, 2647.19801980198, 1988.8712, 21, 0.9831, alpha='50', beta='1.0', bound='1.5', crossoverRate='1.0', elitism='0.20', interAttemptRate='5', interMutationRate='0.25', intraMutationRate='0.25', populationSize='500', probBestIndividual='0.9', probReversal='0.0', probSingle='0.33'
46.1923, 2647.2843137254904, 1998.6212, 21, 0.9923, alpha='50', beta='1.0', bound='1.5', crossoverRate='1.0', elitism='0.20', interAttemptRate='5', interMutationRate='0.25', intraMutationRate='0.25', populationSize='500', probBestIndividual='0.9', probReversal='0.0', probSingle='0.33'
46.3993, 2647.1844660194174, 2007.2288, 21, 0.9993, alpha='50', beta='1.0', bound='1.5', crossoverRate='1.0', elitism='0.20', interAttemptRate='5', interMutationRate='0.25', intraMutationRate='0.25', populationSize='500', probBestIndividual='0.9', probReversal='0.0', probSingle='0.33'
46.6087, 2647.1634615384614, 2017.3129, 21, 1.0087, alpha='50', beta='1.0', bound='1.5', crossoverRate='1.0', elitism='0.20', interAttemptRate='5', interMutationRate='0.25', intraMutationRate='0.25', populationSize='500', probBestIndividual='0.9', probReversal='0.0', probSingle='0.33'
46.8183, 2647.0666666666666, 2027.9806, 21, 1.0183, alpha='50', beta='1.0', bound='1.5', crossoverRate='1.0', elitism='0.20', interAttemptRate='5', interMutationRate='0.25', intraMutationRate='0.25', populationSize='500', probBestIndividual='0.9', probReversal='0.0', probSingle='0.33'
47.0276, 2646.943396226415, 2037.6670, 21, 1.0276, alpha='50', beta='1.0', bound='1.5', crossoverRate='1.0', elitism='0.20', interAttemptRate='5', interMutationRate='0.25', intraMutationRate='0.25', populationSize='500', probBestIndividual='0.9', probReversal='0.0', probSingle='0.33'
47.2360, 2647.5794392523367, 2046.6156, 21, 1.0360, alpha='50', beta='1.0', bound='1.5', crossoverRate='1.0', elitism='0.20', interAttemptRate='5', interMutationRate='0.25', intraMutationRate='0.25', populationSize='500', probBestIndividual='0.9', probReversal='0.0', probSingle='0.33'
47.4451, 2647.6018518518517, 2055.6014, 21, 1.0451, alpha='50', beta='1.0', bound='1.5', crossoverRate='1.0', elitism='0.20', interAttemptRate='5', interMutationRate='0.25', intraMutationRate='0.25', populationSize='500', probBestIndividual='0.9', probReversal='0.0', probSingle='0.33'
47.6551, 2647.880733944954, 2064.8475, 21, 1.0551, alpha='50', beta='1.0', bound='1.5', crossoverRate='1.0', elitism='0.20', interAttemptRate='5', interMutationRate='0.25', intraMutationRate='0.25', populationSize='500', probBestIndividual='0.9', probReversal='0.0', probSingle='0.33'
47.8645, 2648.3454545454547, 2073.3942, 21, 1.0645, alpha='50', beta='1.0', bound='1.5', crossoverRate='1.0', elitism='0.20', interAttemptRate='5', interMutationRate='0.25', intraMutationRate='0.25', populationSize='500', probBestIndividual='0.9', probReversal='0.0', probSingle='0.33'
48.0738, 2648.6486486486488, 2083.6707, 21, 1.0738, alpha='50', beta='1.0', bound='1.5', crossoverRate='1.0', elitism='0.20', interAttemptRate='5', interMutationRate='0.25', intraMutationRate='0.25', populationSize='500', probBestIndividual='0.9', probReversal='0.0', probSingle='0.33'
48.2829, 2648.8214285714284, 2092.1749, 21, 1.0829, alpha='50', beta='1.0', bound='1.5', crossoverRate='1.0', elitism='0.20', interAttemptRate='5', interMutationRate='0.25', intraMutationRate='0.25', populationSize='500', probBestIndividual='0.9', probReversal='0.0', probSingle='0.33'
48.4920, 2648.8849557522126, 2102.6310, 21, 1.0920, alpha='50', beta='1.0', bound='1.5', crossoverRate='1.0', elitism='0.20', interAttemptRate='5', interMutationRate='0.25', intraMutationRate='0.25', populationSize='500', probBestIndividual='0.9', probReversal='0.0', probSingle='0.33'
48.7011, 2648.7982456140353, 2111.8180, 21, 1.1011, alpha='50', beta='1.0', bound='1.5', crossoverRate='1.0', elitism='0.20', interAttemptRate='5', interMutationRate='0.25', intraMutationRate='0.25', populationSize='500', probBestIndividual='0.9', probReversal='0.0', probSingle='0.33'
48.9106, 2649.304347826087, 2120.2386, 21, 1.1106, alpha='50', beta='1.0', bound='1.5', crossoverRate='1.0', elitism='0.20', interAttemptRate='5', interMutationRate='0.25', intraMutationRate='0.25', populationSize='500', probBestIndividual='0.9', probReversal='0.0', probSingle='0.33'
49.1203, 2649.301724137931, 2130.6201, 21, 1.1203, alpha='50', beta='1.0', bound='1.5', crossoverRate='1.0', elitism='0.20', interAttemptRate='5', interMutationRate='0.25', intraMutationRate='0.25', populationSize='500', probBestIndividual='0.9', probReversal='0.0', probSingle='0.33'
49.3293, 2648.905982905983, 2139.1444, 21, 1.1293, alpha='50', beta='1.0', bound='1.5', crossoverRate='1.0', elitism='0.20', interAttemptRate='5', interMutationRate='0.25', intraMutationRate='0.25', populationSize='500', probBestIndividual='0.9', probReversal='0.0', probSingle='0.33'
49.5394, 2648.9661016949153, 2148.3682, 21, 1.1394, alpha='50', beta='1.0', bound='1.5', crossoverRate='1.0', elitism='0.20', interAttemptRate='5', interMutationRate='0.25', intraMutationRate='0.25', populationSize='500', probBestIndividual='0.9', probReversal='0.0', probSingle='0.33'
49.7479, 2648.823529411765, 2158.8366, 21, 1.1479, alpha='50', beta='1.0', bound='1.5', crossoverRate='1.0', elitism='0.20', interAttemptRate='5', interMutationRate='0.25', intraMutationRate='0.25', populationSize='500', probBestIndividual='0.9', probReversal='0.0', probSingle='0.33'
49.9576, 2648.8166666666666, 2167.1657, 21, 1.1576, alpha='50', beta='1.0', bound='1.5', crossoverRate='1.0', elitism='0.20', interAttemptRate='5', interMutationRate='0.25', intraMutationRate='0.25', populationSize='500', probBestIndividual='0.9', probReversal='0.0', probSingle='0.33'
50.1672, 2649.0661157024792, 2176.9246, 21, 1.1672, alpha='50', beta='1.0', bound='1.5', crossoverRate='1.0', elitism='0.20', interAttemptRate='5', interMutationRate='0.25', intraMutationRate='0.25', populationSize='500', probBestIndividual='0.9', probReversal='0.0', probSingle='0.33'
50.3770, 2649.1803278688526, 2185.9619, 21, 1.1770, alpha='50', beta='1.0', bound='1.5', crossoverRate='1.0', elitism='0.20', interAttemptRate='5', interMutationRate='0.25', intraMutationRate='0.25', populationSize='500', probBestIndividual='0.9', probReversal='0.0', probSingle='0.33'
50.4831, 2649.1803278688526, 2189.3283, 75, 1.1831, alpha='50', beta='1.0', bound='1.0', crossoverRate='1.0', elitism='0.20', interAttemptRate='5', interMutationRate='0.25', intraMutationRate='0.25', populationSize='500', probBestIndividual='0.9', probReversal='0.0', probSingle='0.33'
113.8075, 2649.0975609756097, 5129.5761, 75, 2.5075, alpha='50', beta='1.0', bound='1.0', crossoverRate='1.0', elitism='0.20', interAttemptRate='5', interMutationRate='0.25', intraMutationRate='0.25', populationSize='500', probBestIndividual='0.9', probReversal='0.0', probSingle='0.33'
114.0177, 2649.0725806451615, 5138.0869, 75, 2.5177, alpha='50', beta='1.0', bound='1.0', crossoverRate='1.0', elitism='0.20', interAttemptRate='5', interMutationRate='0.25', intraMutationRate='0.25', populationSize='500', probBestIndividual='0.9', probReversal='0.0', probSingle='0.33'
114.2277, 2648.984, 5148.8973, 75, 2.5277, alpha='50', beta='1.0', bound='1.0', crossoverRate='1.0', elitism='0.20', interAttemptRate='5', interMutationRate='0.25', intraMutationRate='0.25', populationSize='500', probBestIndividual='0.9', probReversal='0.0', probSingle='0.33'
114.4381, 2648.6666666666665, 5158.6882, 75, 2.5381, alpha='50', beta='1.0', bound='1.0', crossoverRate='1.0', elitism='0.20', interAttemptRate='5', interMutationRate='0.25', intraMutationRate='0.25', populationSize='500', probBestIndividual='0.9', probReversal='0.0', probSingle='0.33'
114.6475, 2648.283464566929, 5168.8971, 75, 2.5475, alpha='50', beta='1.0', bound='1.0', crossoverRate='1.0', elitism='0.20', interAttemptRate='5', interMutationRate='0.25', intraMutationRate='0.25', populationSize='500', probBestIndividual='0.9', probReversal='0.0', probSingle='0.33'
114.8579, 2648.4609375, 5178.9809, 75, 2.5579, alpha='50', beta='1.0', bound='1.0', crossoverRate='1.0', elitism='0.20', interAttemptRate='5', interMutationRate='0.25', intraMutationRate='0.25', populationSize='500', probBestIndividual='0.9', probReversal='0.0', probSingle='0.33'
115.0682, 2648.4031007751937, 5188.1250, 75, 2.5682, alpha='50', beta='1.0', bound='1.0', crossoverRate='1.0', elitism='0.20', interAttemptRate='5', interMutationRate='0.25', intraMutationRate='0.25', populationSize='500', probBestIndividual='0.9', probReversal='0.0', probSingle='0.33'
115.2786, 2648.3230769230768, 5198.5789, 75, 2.5786, alpha='50', beta='1.0', bound='1.0', crossoverRate='1.0', elitism='0.20', interAttemptRate='5', interMutationRate='0.25', intraMutationRate='0.25', populationSize='500', probBestIndividual='0.9', probReversal='0.0', probSingle='0.33'
115.4884, 2648.1984732824426, 5208.6170, 75, 2.5884, alpha='50', beta='1.0', bound='1.0', crossoverRate='1.0', elitism='0.20', interAttemptRate='5', interMutationRate='0.25', intraMutationRate='0.25', populationSize='500', probBestIndividual='0.9', probReversal='0.0', probSingle='0.33'
115.6982, 2648.4545454545455, 5217.4608, 75, 2.5982, alpha='50', beta='1.0', bound='1.0', crossoverRate='1.0', elitism='0.20', interAttemptRate='5', interMutationRate='0.25', intraMutationRate='0.25', populationSize='500', probBestIndividual='0.9', probReversal='0.0', probSingle='0.33'
115.9092, 2648.3909774436092, 5227.4695, 75, 2.6092, alpha='50', beta='1.0', bound='1.0', crossoverRate='1.0', elitism='0.20', interAttemptRate='5', interMutationRate='0.25', intraMutationRate='0.25', populationSize='500', probBestIndividual='0.9', probReversal='0.0', probSingle='0.33'
116.1194, 2648.6641791044776, 5237.4805, 75, 2.6194, alpha='50', beta='1.0', bound='1.0', crossoverRate='1.0', elitism='0.20', interAttemptRate='5', interMutationRate='0.25', intraMutationRate='0.25', populationSize='500', probBestIndividual='0.9', probReversal='0.0', probSingle='0.33'
116.3297, 2648.8444444444444, 5248.5112, 75, 2.6297, alpha='50', beta='1.0', bound='1.0', crossoverRate='1.0', elitism='0.20', interAttemptRate='5', interMutationRate='0.25', intraMutationRate='0.25', populationSize='500', probBestIndividual='0.9', probReversal='0.0', probSingle='0.33'
116.5408, 2648.8529411764707, 5257.2289, 75, 2.6408, alpha='50', beta='1.0', bound='1.0', crossoverRate='1.0', elitism='0.20', interAttemptRate='5', interMutationRate='0.25', intraMutationRate='0.25', populationSize='500', probBestIndividual='0.9', probReversal='0.0', probSingle='0.33'
116.7517, 2649.058394160584, 5267.7016, 75, 2.6517, alpha='50', beta='1.0', bound='1.0', crossoverRate='1.0', elitism='0.20', interAttemptRate='5', interMutationRate='0.25', intraMutationRate='0.25', populationSize='500', probBestIndividual='0.9', probReversal='0.0', probSingle='0.33'
116.9633, 2649.289855072464, 5276.3477, 75, 2.6633, alpha='50', beta='1.0', bound='1.0', crossoverRate='1.0', elitism='0.20', interAttemptRate='5', interMutationRate='0.25', intraMutationRate='0.25', populationSize='500', probBestIndividual='0.9', probReversal='0.0', probSingle='0.33'
117.1746, 2649.3021582733813, 5287.5441, 75, 2.6746, alpha='50', beta='1.0', bound='1.0', crossoverRate='1.0', elitism='0.20', interAttemptRate='5', interMutationRate='0.25', intraMutationRate='0.25', populationSize='500', probBestIndividual='0.9', probReversal='0.0', probSingle='0.33'
117.3864, 2649.2642857142855, 5297.6947, 75, 2.6864, alpha='50', beta='1.0', bound='1.0', crossoverRate='1.0', elitism='0.20', interAttemptRate='5', interMutationRate='0.25', intraMutationRate='0.25', populationSize='500', probBestIndividual='0.9', probReversal='0.0', probSingle='0.33'
117.5973, 2649.2695035460993, 5307.5672, 75, 2.6973, alpha='50', beta='1.0', bound='1.0', crossoverRate='1.0', elitism='0.20', interAttemptRate='5', interMutationRate='0.25', intraMutationRate='0.25', populationSize='500', probBestIndividual='0.9', probReversal='0.0', probSingle='0.33'
117.8088, 2649.669014084507, 5317.6541, 75, 2.7088, alpha='50', beta='1.0', bound='1.0', crossoverRate='1.0', elitism='0.20', interAttemptRate='5', interMutationRate='0.25', intraMutationRate='0.25', populationSize='500', probBestIndividual='0.9', probReversal='0.0', probSingle='0.33'
118.0203, 2650.27972027972, 5326.1249, 75, 2.7203, alpha='50', beta='1.0', bound='1.0', crossoverRate='1.0', elitism='0.20', interAttemptRate='5', interMutationRate='0.25', intraMutationRate='0.25', populationSize='500', probBestIndividual='0.9', probReversal='0.0', probSingle='0.33'
118.2324, 2650.090277777778, 5336.8726, 75, 2.7324, alpha='50', beta='1.0', bound='1.0', crossoverRate='1.0', elitism='0.20', interAttemptRate='5', interMutationRate='0.25', intraMutationRate='0.25', populationSize='500', probBestIndividual='0.9', probReversal='0.0', probSingle='0.33'
118.4438, 2650.0, 5346.5661, 75, 2.7438, alpha='50', beta='1.0', bound='1.0', crossoverRate='1.0', elitism='0.20', interAttemptRate='5', interMutationRate='0.25', intraMutationRate='0.25', populationSize='500', probBestIndividual='0.9', probReversal='0.0', probSingle='0.33'
118.6554, 2650.0068493150684, 5356.6196, 75, 2.7554, alpha='50', beta='1.0', bound='1.0', crossoverRate='1.0', elitism='0.20', interAttemptRate='5', interMutationRate='0.25', intraMutationRate='0.25', populationSize='500', probBestIndividual='0.9', probReversal='0.0', probSingle='0.33'
118.8675, 2650.4353741496598, 5365.4761, 75, 2.7675, alpha='50', beta='1.0', bound='1.0', crossoverRate='1.0', elitism='0.20', interAttemptRate='5', interMutationRate='0.25', intraMutationRate='0.25', populationSize='500', probBestIndividual='0.9', probReversal='0.0', probSingle='0.33'
119.0798, 2650.195945945946, 5375.1924, 75, 2.7798, alpha='50', beta='1.0', bound='1.0', crossoverRate='1.0', elitism='0.20', interAttemptRate='5', interMutationRate='0.25', intraMutationRate='0.25', populationSize='500', probBestIndividual='0.9', probReversal='0.0', probSingle='0.33'
119.2915, 2649.6845637583892, 5385.7474, 75, 2.7915, alpha='50', beta='1.0', bound='1.0', crossoverRate='1.0', elitism='0.20', interAttemptRate='5', interMutationRate='0.25', intraMutationRate='0.25', populationSize='500', probBestIndividual='0.9', probReversal='0.0', probSingle='0.33'
119.5034, 2649.806666666667, 5394.1113, 75, 2.8034, alpha='50', beta='1.0', bound='1.0', crossoverRate='1.0', elitism='0.20', interAttemptRate='5', interMutationRate='0.25', intraMutationRate='0.25', populationSize='500', probBestIndividual='0.9', probReversal='0.0', probSingle='0.33'
119.7162, 2649.5496688741723, 5404.2360, 75, 2.8162, alpha='50', beta='1.0', bound='1.0', crossoverRate='1.0', elitism='0.20', interAttemptRate='5', interMutationRate='0.25', intraMutationRate='0.25', populationSize='500', probBestIndividual='0.9', probReversal='0.0', probSingle='0.33'
119.9276, 2650.0131578947367, 5414.3645, 75, 2.8276, alpha='50', beta='1.0', bound='1.0', crossoverRate='1.0', elitism='0.20', interAttemptRate='5', interMutationRate='0.25', intraMutationRate='0.25', populationSize='500', probBestIndividual='0.9', probReversal='0.0', probSingle='0.33'
120.1404, 2649.8627450980393, 5425.5909, 75, 2.8404, alpha='50', beta='1.0', bound='1.0', crossoverRate='1.0', elitism='0.20', interAttemptRate='5', interMutationRate='0.25', intraMutationRate='0.25', populationSize='500', probBestIndividual='0.9', probReversal='0.0', probSingle='0.33'
120.3520, 2650.2727272727275, 5435.7521, 75, 2.8520, alpha='50', beta='1.0', bound='1.0', crossoverRate='1.0', elitism='0.20', interAttemptRate='5', interMutationRate='0.25', intraMutationRate='0.25', populationSize='500', probBestIndividual='0.9', probReversal='0.0', probSingle='0.33'
120.5645, 2650.232258064516, 5445.6387, 75, 2.8645, alpha='50', beta='1.0', bound='1.0', crossoverRate='1.0', elitism='0.20', interAttemptRate='5', interMutationRate='0.25', intraMutationRate='0.25', populationSize='500', probBestIndividual='0.9', probReversal='0.0', probSingle='0.33'
120.7767, 2649.826923076923, 5454.1361, 75, 2.8767, alpha='50', beta='1.0', bound='1.0', crossoverRate='1.0', elitism='0.20', interAttemptRate='5', interMutationRate='0.25', intraMutationRate='0.25', populationSize='500', probBestIndividual='0.9', probReversal='0.0', probSingle='0.33'
120.9894, 2650.0382165605097, 5464.5554, 75, 2.8894, alpha='50', beta='1.0', bound='1.0', crossoverRate='1.0', elitism='0.20', interAttemptRate='5', interMutationRate='0.25', intraMutationRate='0.25', populationSize='500', probBestIndividual='0.9', probReversal='0.0', probSingle='0.33'
121.2018, 2649.53164556962, 5473.4015, 75, 2.9018, alpha='50', beta='1.0', bound='1.0', crossoverRate='1.0', elitism='0.20', interAttemptRate='5', interMutationRate='0.25', intraMutationRate='0.25', populationSize='500', probBestIndividual='0.9', probReversal='0.0', probSingle='0.33'
121.4139, 2649.1383647798743, 5483.1993, 75, 2.9139, alpha='50', beta='1.0', bound='1.0', crossoverRate='1.0', elitism='0.20', interAttemptRate='5', interMutationRate='0.25', intraMutationRate='0.25', populationSize='500', probBestIndividual='0.9', probReversal='0.0', probSingle='0.33'
121.6268, 2649.1125, 5493.7091, 75, 2.9268, alpha='50', beta='1.0', bound='1.0', crossoverRate='1.0', elitism='0.20', interAttemptRate='5', interMutationRate='0.25', intraMutationRate='0.25', populationSize='500', probBestIndividual='0.9', probReversal='0.0', probSingle='0.33'
121.8396, 2649.0434782608695, 5502.1961, 75, 2.9396, alpha='50', beta='1.0', bound='1.0', crossoverRate='1.0', elitism='0.20', interAttemptRate='5', interMutationRate='0.25', intraMutationRate='0.25', populationSize='500', probBestIndividual='0.9', probReversal='0.0', probSingle='0.33'
122.0518, 2648.561728395062, 5511.2142, 75, 2.9518, alpha='50', beta='1.0', bound='1.0', crossoverRate='1.0', elitism='0.20', interAttemptRate='5', interMutationRate='0.25', intraMutationRate='0.25', populationSize='500', probBestIndividual='0.9', probReversal='0.0', probSingle='0.33'
122.2645, 2648.59509202454, 5520.3076, 75, 2.9645, alpha='50', beta='1.0', bound='1.0', crossoverRate='1.0', elitism='0.20', interAttemptRate='5', interMutationRate='0.25', intraMutationRate='0.25', populationSize='500', probBestIndividual='0.9', probReversal='0.0', probSingle='0.33'
122.4774, 2648.7926829268295, 5530.0666, 75, 2.9774, alpha='50', beta='1.0', bound='1.0', crossoverRate='1.0', elitism='0.20', interAttemptRate='5', interMutationRate='0.25', intraMutationRate='0.25', populationSize='500', probBestIndividual='0.9', probReversal='0.0', probSingle='0.33'
122.6897, 2648.7636363636366, 5540.8884, 75, 2.9897, alpha='50', beta='1.0', bound='1.0', crossoverRate='1.0', elitism='0.20', interAttemptRate='5', interMutationRate='0.25', intraMutationRate='0.25', populationSize='500', probBestIndividual='0.9', probReversal='0.0', probSingle='0.33'
122.9026, 2648.9397590361446, 5549.4872, 75, 3.0026, alpha='50', beta='1.0', bound='1.0', crossoverRate='1.0', elitism='0.20', interAttemptRate='5', interMutationRate='0.25', intraMutationRate='0.25', populationSize='500', probBestIndividual='0.9', probReversal='0.0', probSingle='0.33'
123.1152, 2649.0299401197603, 5559.3418, 75, 3.0152, alpha='50', beta='1.0', bound='1.0', crossoverRate='1.0', elitism='0.20', interAttemptRate='5', interMutationRate='0.25', intraMutationRate='0.25', populationSize='500', probBestIndividual='0.9', probReversal='0.0', probSingle='0.33'
123.3285, 2648.7440476190477, 5569.9731, 75, 3.0285, alpha='50', beta='1.0', bound='1.0', crossoverRate='1.0', elitism='0.20', interAttemptRate='5', interMutationRate='0.25', intraMutationRate='0.25', populationSize='500', probBestIndividual='0.9', probReversal='0.0', probSingle='0.33'
131.8492, 2648.591715976331, 5960.6592, 75, 3.1492, alpha='50', beta='1.0', bound='1.0', crossoverRate='1.0', elitism='0.20', interAttemptRate='5', interMutationRate='0.25', intraMutationRate='0.25', populationSize='500', probBestIndividual='0.9', probReversal='0.0', probSingle='0.33'
132.0622, 2648.535294117647, 5969.3064, 75, 3.1622, alpha='50', beta='1.0', bound='1.0', crossoverRate='1.0', elitism='0.20', interAttemptRate='5', interMutationRate='0.25', intraMutationRate='0.25', populationSize='500', probBestIndividual='0.9', probReversal='0.0', probSingle='0.33'
132.2748, 2648.2280701754385, 5979.1966, 75, 3.1748, alpha='50', beta='1.0', bound='1.0', crossoverRate='1.0', elitism='0.20', interAttemptRate='5', interMutationRate='0.25', intraMutationRate='0.25', populationSize='500', probBestIndividual='0.9', probReversal='0.0', probSingle='0.33'
132.4875, 2648.1162790697676, 5989.8455, 75, 3.1875, alpha='50', beta='1.0', bound='1.0', crossoverRate='1.0', elitism='0.20', interAttemptRate='5', interMutationRate='0.25', intraMutationRate='0.25', populationSize='500', probBestIndividual='0.9', probReversal='0.0', probSingle='0.33'
132.7003, 2648.1965317919075, 5999.7536, 75, 3.2003, alpha='50', beta='1.0', bound='1.0', crossoverRate='1.0', elitism='0.20', interAttemptRate='5', interMutationRate='0.25', intraMutationRate='0.25', populationSize='500', probBestIndividual='0.9', probReversal='0.0', probSingle='0.33'
132.9133, 2647.9367816091954, 6008.2709, 75, 3.2133, alpha='50', beta='1.0', bound='1.0', crossoverRate='1.0', elitism='0.20', interAttemptRate='5', interMutationRate='0.25', intraMutationRate='0.25', populationSize='500', probBestIndividual='0.9', probReversal='0.0', probSingle='0.33'
133.1259, 2647.9942857142855, 6018.5880, 75, 3.2259, alpha='50', beta='1.0', bound='1.0', crossoverRate='1.0', elitism='0.20', interAttemptRate='5', interMutationRate='0.25', intraMutationRate='0.25', populationSize='500', probBestIndividual='0.9', probReversal='0.0', probSingle='0.33'
133.3385, 2647.7613636363635, 6027.1384, 75, 3.2385, alpha='50', beta='1.0', bound='1.0', crossoverRate='1.0', elitism='0.20', interAttemptRate='5', interMutationRate='0.25', intraMutationRate='0.25', populationSize='500', probBestIndividual='0.9', probReversal='0.0', probSingle='0.33'
133.5518, 2647.54802259887, 6037.4994, 75, 3.2518, alpha='50', beta='1.0', bound='1.0', crossoverRate='1.0', elitism='0.20', interAttemptRate='5', interMutationRate='0.25', intraMutationRate='0.25', populationSize='500', probBestIndividual='0.9', probReversal='0.0', probSingle='0.33'
133.7647, 2647.505617977528, 6046.1699, 75, 3.2647, alpha='50', beta='1.0', bound='1.0', crossoverRate='1.0', elitism='0.20', interAttemptRate='5', interMutationRate='0.25', intraMutationRate='0.25', populationSize='500', probBestIndividual='0.9', probReversal='0.0', probSingle='0.33'
133.9777, 2647.3854748603353, 6056.9819, 75, 3.2777, alpha='50', beta='1.0', bound='1.0', crossoverRate='1.0', elitism='0.20', interAttemptRate='5', interMutationRate='0.25', intraMutationRate='0.25', populationSize='500', probBestIndividual='0.9', probReversal='0.0', probSingle='0.33'
134.1900, 2647.311111111111, 6066.9962, 75, 3.2900, alpha='50', beta='1.0', bound='1.0', crossoverRate='1.0', elitism='0.20', interAttemptRate='5', interMutationRate='0.25', intraMutationRate='0.25', populationSize='500', probBestIndividual='0.9', probReversal='0.0', probSingle='0.33'
134.4036, 2647.2983425414363, 6075.1353, 75, 3.3036, alpha='50', beta='1.0', bound='1.0', crossoverRate='1.0', elitism='0.20', interAttemptRate='5', interMutationRate='0.25', intraMutationRate='0.25', populationSize='500', probBestIndividual='0.9', probReversal='0.0', probSingle='0.33'
134.6161, 2647.1758241758243, 6085.5903, 75, 3.3161, alpha='50', beta='1.0', bound='1.0', crossoverRate='1.0', elitism='0.20', interAttemptRate='5', interMutationRate='0.25', intraMutationRate='0.25', populationSize='500', probBestIndividual='0.9', probReversal='0.0', probSingle='0.33'
134.8291, 2647.136612021858, 6094.9472, 75, 3.3291, alpha='50', beta='1.0', bound='1.0', crossoverRate='1.0', elitism='0.20', interAttemptRate='5', interMutationRate='0.25', intraMutationRate='0.25', populationSize='500', probBestIndividual='0.9', probReversal='0.0', probSingle='0.33'
135.0427, 2646.9565217391305, 6103.4586, 75, 3.3427, alpha='50', beta='1.0', bound='1.0', crossoverRate='1.0', elitism='0.20', interAttemptRate='5', interMutationRate='0.25', intraMutationRate='0.25', populationSize='500', probBestIndividual='0.9', probReversal='0.0', probSingle='0.33'
135.2561, 2646.881081081081, 6113.0438, 75, 3.3561, alpha='50', beta='1.0', bound='1.0', crossoverRate='1.0', elitism='0.20', interAttemptRate='5', interMutationRate='0.25', intraMutationRate='0.25', populationSize='500', probBestIndividual='0.9', probReversal='0.0', probSingle='0.33'
135.4692, 2646.8333333333335, 6123.0013, 75, 3.3692, alpha='50', beta='1.0', bound='1.0', crossoverRate='1.0', elitism='0.20', interAttemptRate='5', interMutationRate='0.25', intraMutationRate='0.25', populationSize='500', probBestIndividual='0.9', probReversal='0.0', probSingle='0.33'
135.6829, 2646.9304812834225, 6133.0324, 75, 3.3829, alpha='50', beta='1.0', bound='1.0', crossoverRate='1.0', elitism='0.20', interAttemptRate='5', interMutationRate='0.25', intraMutationRate='0.25', populationSize='500', probBestIndividual='0.9', probReversal='0.0', probSingle='0.33'
135.8969, 2646.936170212766, 6142.3828, 75, 3.3969, alpha='50', beta='1.0', bound='1.0', crossoverRate='1.0', elitism='0.20', interAttemptRate='5', interMutationRate='0.25', intraMutationRate='0.25', populationSize='500', probBestIndividual='0.9', probReversal='0.0', probSingle='0.33'
136.1105, 2647.063492063492, 6152.0088, 75, 3.4105, alpha='50', beta='1.0', bound='1.0', crossoverRate='1.0', elitism='0.20', interAttemptRate='5', interMutationRate='0.25', intraMutationRate='0.25', populationSize='500', probBestIndividual='0.9', probReversal='0.0', probSingle='0.33'
136.3235, 2646.963157894737, 6162.2025, 75, 3.4235, alpha='50', beta='1.0', bound='1.0', crossoverRate='1.0', elitism='0.20', interAttemptRate='5', interMutationRate='0.25', intraMutationRate='0.25', populationSize='500', probBestIndividual='0.9', probReversal='0.0', probSingle='0.33'
136.5376, 2647.0366492146595, 6173.8106, 75, 3.4376, alpha='50', beta='1.0', bound='1.0', crossoverRate='1.0', elitism='0.20', interAttemptRate='5', interMutationRate='0.25', intraMutationRate='0.25', populationSize='500', probBestIndividual='0.9', probReversal='0.0', probSingle='0.33'
136.7512, 2647.0, 6183.1465, 75, 3.4512, alpha='50', beta='1.0', bound='1.0', crossoverRate='1.0', elitism='0.20', interAttemptRate='5', interMutationRate='0.25', intraMutationRate='0.25', populationSize='500', probBestIndividual='0.9', probReversal='0.0', probSingle='0.33'
136.9651, 2646.979274611399, 6194.5029, 75, 3.4651, alpha='50', beta='1.0', bound='1.0', crossoverRate='1.0', elitism='0.20', interAttemptRate='5', interMutationRate='0.25', intraMutationRate='0.25', populationSize='500', probBestIndividual='0.9', probReversal='0.0', probSingle='0.33'
137.1792, 2646.9742268041236, 6203.8415, 75, 3.4792, alpha='50', beta='1.0', bound='1.0', crossoverRate='1.0', elitism='0.20', interAttemptRate='5', interMutationRate='0.25', intraMutationRate='0.25', populationSize='500', probBestIndividual='0.9', probReversal='0.0', probSingle='0.33'
137.3926, 2646.876923076923, 6213.5332, 75, 3.4926, alpha='50', beta='1.0', bound='1.0', crossoverRate='1.0', elitism='0.20', interAttemptRate='5', interMutationRate='0.25', intraMutationRate='0.25', populationSize='500', probBestIndividual='0.9', probReversal='0.0', probSingle='0.33'
137.6066, 2647.030612244898, 6223.8885, 75, 3.5066, alpha='50', beta='1.0', bound='1.0', crossoverRate='1.0', elitism='0.20', interAttemptRate='5', interMutationRate='0.25', intraMutationRate='0.25', populationSize='500', probBestIndividual='0.9', probReversal='0.0', probSingle='0.33'
137.8202, 2646.97461928934, 6233.7155, 75, 3.5202, alpha='50', beta='1.0', bound='1.0', crossoverRate='1.0', elitism='0.20', interAttemptRate='5', interMutationRate='0.25', intraMutationRate='0.25', populationSize='500', probBestIndividual='0.9', probReversal='0.0', probSingle='0.33'
138.0340, 2647.0353535353534, 6243.0810, 75, 3.5340, alpha='50', beta='1.0', bound='1.0', crossoverRate='1.0', elitism='0.20', interAttemptRate='5', interMutationRate='0.25', intraMutationRate='0.25', populationSize='500', probBestIndividual='0.9', probReversal='0.0', probSingle='0.33'
138.2479, 2646.819095477387, 6254.4946, 75, 3.5479, alpha='50', beta='1.0', bound='1.0', crossoverRate='1.0', elitism='0.20', interAttemptRate='5', interMutationRate='0.25', intraMutationRate='0.25', populationSize='500', probBestIndividual='0.9', probReversal='0.0', probSingle='0.33'
138.4624, 2646.615, 6264.7278, 75, 3.5624, alpha='50', beta='1.0', bound='1.0', crossoverRate='1.0', elitism='0.20', interAttemptRate='5', interMutationRate='0.25', intraMutationRate='0.25', populationSize='500', probBestIndividual='0.9', probReversal='0.0', probSingle='0.33'
138.6769, 2646.7014925373132, 6273.3895, 75, 3.5769, alpha='50', beta='1.0', bound='1.0', crossoverRate='1.0', elitism='0.20', interAttemptRate='5', interMutationRate='0.25', intraMutationRate='0.25', populationSize='500', probBestIndividual='0.9', probReversal='0.0', probSingle='0.33'
138.8911, 2646.638613861386, 6283.4083, 75, 3.5911, alpha='50', beta='1.0', bound='1.0', crossoverRate='1.0', elitism='0.20', interAttemptRate='5', interMutationRate='0.25', intraMutationRate='0.25', populationSize='500', probBestIndividual='0.9', probReversal='0.0', probSingle='0.33'
139.1056, 2646.6748768472908, 6294.7244, 75, 3.6056, alpha='50', beta='1.0', bound='1.0', crossoverRate='1.0', elitism='0.20', interAttemptRate='5', interMutationRate='0.25', intraMutationRate='0.25', populationSize='500', probBestIndividual='0.9', probReversal='0.0', probSingle='0.33'
139.3197, 2646.401960784314, 6304.8683, 75, 3.6198, alpha='50', beta='1.0', bound='1.0', crossoverRate='1.0', elitism='0.20', interAttemptRate='5', interMutationRate='0.25', intraMutationRate='0.25', populationSize='500', probBestIndividual='0.9', probReversal='0.0', probSingle='0.33'
139.5344, 2646.2, 6314.7459, 75, 3.6344, alpha='50', beta='1.0', bound='1.0', crossoverRate='1.0', elitism='0.20', interAttemptRate='5', interMutationRate='0.25', intraMutationRate='0.25', populationSize='500', probBestIndividual='0.9', probReversal='0.0', probSingle='0.33'
139.7489, 2646.247572815534, 6323.3844, 75, 3.6489, alpha='50', beta='1.0', bound='1.0', crossoverRate='1.0', elitism='0.20', interAttemptRate='5', interMutationRate='0.25', intraMutationRate='0.25', populationSize='500', probBestIndividual='0.9', probReversal='0.0', probSingle='0.33'
139.9635, 2646.289855072464, 6332.3926, 75, 3.6635, alpha='50', beta='1.0', bound='1.0', crossoverRate='1.0', elitism='0.20', interAttemptRate='5', interMutationRate='0.25', intraMutationRate='0.25', populationSize='500', probBestIndividual='0.9', probReversal='0.0', probSingle='0.33'
140.1788, 2646.2884615384614, 6342.7334, 75, 3.6788, alpha='50', beta='1.0', bound='1.0', crossoverRate='1.0', elitism='0.20', interAttemptRate='5', interMutationRate='0.25', intraMutationRate='0.25', populationSize='500', probBestIndividual='0.9', probReversal='0.0', probSingle='0.33'
140.3936, 2646.3636363636365, 6351.8568, 75, 3.6936, alpha='50', beta='1.0', bound='1.0', crossoverRate='1.0', elitism='0.20', interAttemptRate='5', interMutationRate='0.25', intraMutationRate='0.25', populationSize='500', probBestIndividual='0.9', probReversal='0.0', probSingle='0.33'
140.6079, 2646.2380952380954, 6361.8940, 75, 3.7079, alpha='50', beta='1.0', bound='1.0', crossoverRate='1.0', elitism='0.20', interAttemptRate='5', interMutationRate='0.25', intraMutationRate='0.25', populationSize='500', probBestIndividual='0.9', probReversal='0.0', probSingle='0.33'
140.8216, 2646.2274881516587, 6370.1495, 75, 3.7216, alpha='50', beta='1.0', bound='1.0', crossoverRate='1.0', elitism='0.20', interAttemptRate='5', interMutationRate='0.25', intraMutationRate='0.25', populationSize='500', probBestIndividual='0.9', probReversal='0.0', probSingle='0.33'
141.0359, 2646.2830188679245, 6379.1744, 75, 3.7359, alpha='50', beta='1.0', bound='1.0', crossoverRate='1.0', elitism='0.20', interAttemptRate='5', interMutationRate='0.25', intraMutationRate='0.25', populationSize='500', probBestIndividual='0.9', probReversal='0.0', probSingle='0.33'
141.2499, 2646.450704225352, 6389.6093, 75, 3.7499, alpha='50', beta='1.0', bound='1.0', crossoverRate='1.0', elitism='0.20', interAttemptRate='5', interMutationRate='0.25', intraMutationRate='0.25', populationSize='500', probBestIndividual='0.9', probReversal='0.0', probSingle='0.33'
141.4636, 2646.4906542056074, 6398.9522, 75, 3.7636, alpha='50', beta='1.0', bound='1.0', crossoverRate='1.0', elitism='0.20', interAttemptRate='5', interMutationRate='0.25', intraMutationRate='0.25', populationSize='500', probBestIndividual='0.9', probReversal='0.0', probSingle='0.33'
141.6775, 2646.2558139534885, 6408.9406, 75, 3.7775, alpha='50', beta='1.0', bound='1.0', crossoverRate='1.0', elitism='0.20', interAttemptRate='5', interMutationRate='0.25', intraMutationRate='0.25', populationSize='500', probBestIndividual='0.9', probReversal='0.0', probSingle='0.33'
141.8918, 2646.171296296296, 6417.0396, 75, 3.7918, alpha='50', beta='1.0', bound='1.0', crossoverRate='1.0', elitism='0.20', interAttemptRate='5', interMutationRate='0.25', intraMutationRate='0.25', populationSize='500', probBestIndividual='0.9', probReversal='0.0', probSingle='0.33'
142.1062, 2646.36866359447, 6426.2721, 75, 3.8062, alpha='50', beta='1.0', bound='1.0', crossoverRate='1.0', elitism='0.20', interAttemptRate='5', interMutationRate='0.25', intraMutationRate='0.25', populationSize='500', probBestIndividual='0.9', probReversal='0.0', probSingle='0.33'
142.3201, 2646.532110091743, 6436.5297, 75, 3.8201, alpha='50', beta='1.0', bound='1.0', crossoverRate='1.0', elitism='0.20', interAttemptRate='5', interMutationRate='0.25', intraMutationRate='0.25', populationSize='500', probBestIndividual='0.9', probReversal='0.0', probSingle='0.33'
142.5345, 2646.4109589041095, 6445.9234, 75, 3.8345, alpha='50', beta='1.0', bound='1.0', crossoverRate='1.0', elitism='0.20', interAttemptRate='5', interMutationRate='0.25', intraMutationRate='0.25', populationSize='500', probBestIndividual='0.9', probReversal='0.0', probSingle='0.33'
142.7485, 2646.2181818181816, 6454.1743, 75, 3.8485, alpha='50', beta='1.0', bound='1.0', crossoverRate='1.0', elitism='0.20', interAttemptRate='5', interMutationRate='0.25', intraMutationRate='0.25', populationSize='500', probBestIndividual='0.9', probReversal='0.0', probSingle='0.33'
142.9629, 2646.4796380090497, 6463.9902, 75, 3.8629, alpha='50', beta='1.0', bound='1.0', crossoverRate='1.0', elitism='0.20', interAttemptRate='5', interMutationRate='0.25', intraMutationRate='0.25', populationSize='500', probBestIndividual='0.9', probReversal='0.0', probSingle='0.33'
175.9486, 2625.4117647058824, 7878.1495, 372, 4.9486, alpha='50', beta='1.0', bound='1.5', crossoverRate='1.0', elitism='0.20', interAttemptRate='2', interMutationRate='0.2', intraMutationRate='0.25', populationSize='500', probBestIndividual='1.0', probReversal='0.0', probSingle='1.0'
175.9490, 2625.4117647058824, 7878.1499, 372, 4.9490, alpha='50', beta='1.0', bound='1.5', crossoverRate='1.0', elitism='0.20', interAttemptRate='2', interMutationRate='0.2', intraMutationRate='0.25', populationSize='500', probBestIndividual='1.0', probReversal='0.0', probSingle='1.0'
385.4702, 2625.2072072072074, 50556.6772, 372, 11.6702, alpha='50', beta='1.0', bound='1.5', crossoverRate='1.0', elitism='0.20', interAttemptRate='2', interMutationRate='0.2', intraMutationRate='0.25', populationSize='500', probBestIndividual='1.0', probReversal='0.0', probSingle='1.0'
385.6821, 2625.2107623318384, 50563.9476, 372, 11.6821, alpha='50', beta='1.0', bound='1.5', crossoverRate='1.0', elitism='0.20', interAttemptRate='2', interMutationRate='0.2', intraMutationRate='0.25', populationSize='500', probBestIndividual='1.0', probReversal='0.0', probSingle='1.0'
524.7026, 2625.089285714286, 58125.7933, 372, 15.7026, alpha='50', beta='1.0', bound='1.5', crossoverRate='1.0', elitism='0.20', interAttemptRate='2', interMutationRate='0.2', intraMutationRate='0.25', populationSize='500', probBestIndividual='1.0', probReversal='0.0', probSingle='1.0'
524.9172, 2625.0177777777776, 58136.9437, 372, 15.7172, alpha='50', beta='1.0', bound='1.5', crossoverRate='1.0', elitism='0.20', interAttemptRate='2', interMutationRate='0.2', intraMutationRate='0.25', populationSize='500', probBestIndividual='1.0', probReversal='0.0', probSingle='1.0'
525.1332, 2625.278761061947, 58147.3268, 372, 15.7332, alpha='50', beta='1.0', bound='1.5', crossoverRate='1.0', elitism='0.20', interAttemptRate='2', interMutationRate='0.2', intraMutationRate='0.25', populationSize='500', probBestIndividual='1.0', probReversal='0.0', probSingle='1.0'
525.3450, 2624.8678414096917, 58159.4143, 372, 15.7450, alpha='50', beta='1.0', bound='1.5', crossoverRate='1.0', elitism='0.20', interAttemptRate='2', interMutationRate='0.2', intraMutationRate='0.25', populationSize='500', probBestIndividual='1.0', probReversal='0.0', probSingle='1.0'
525.5594, 2624.872807017544, 58171.3843, 372, 15.7594, alpha='50', beta='1.0', bound='1.5', crossoverRate='1.0', elitism='0.20', interAttemptRate='2', interMutationRate='0.2', intraMutationRate='0.25', populationSize='500', probBestIndividual='1.0', probReversal='0.0', probSingle='1.0'
525.7765, 2624.759825327511, 58183.2722, 372, 15.7765, alpha='50', beta='1.0', bound='1.5', crossoverRate='1.0', elitism='0.20', interAttemptRate='2', interMutationRate='0.2', intraMutationRate='0.25', populationSize='500', probBestIndividual='1.0', probReversal='0.0', probSingle='1.0'
525.9923, 2624.6652173913044, 58195.8549, 372, 15.7923, alpha='50', beta='1.0', bound='1.5', crossoverRate='1.0', elitism='0.20', interAttemptRate='2', interMutationRate='0.2', intraMutationRate='0.25', populationSize='500', probBestIndividual='1.0', probReversal='0.0', probSingle='1.0'
526.2079, 2624.5887445887447, 58206.4410, 372, 15.8079, alpha='50', beta='1.0', bound='1.5', crossoverRate='1.0', elitism='0.20', interAttemptRate='2', interMutationRate='0.2', intraMutationRate='0.25', populationSize='500', probBestIndividual='1.0', probReversal='0.0', probSingle='1.0'
526.4230, 2624.603448275862, 58217.3576, 372, 15.8230, alpha='50', beta='1.0', bound='1.5', crossoverRate='1.0', elitism='0.20', interAttemptRate='2', interMutationRate='0.2', intraMutationRate='0.25', populationSize='500', probBestIndividual='1.0', probReversal='0.0', probSingle='1.0'
526.6381, 2624.1630901287554, 58228.8612, 372, 15.8381, alpha='50', beta='1.0', bound='1.5', crossoverRate='1.0', elitism='0.20', interAttemptRate='2', interMutationRate='0.2', intraMutationRate='0.25', populationSize='500', probBestIndividual='1.0', probReversal='0.0', probSingle='1.0'
526.8537, 2624.448717948718, 58240.5369, 372, 15.8537, alpha='50', beta='1.0', bound='1.5', crossoverRate='1.0', elitism='0.20', interAttemptRate='2', interMutationRate='0.2', intraMutationRate='0.25', populationSize='500', probBestIndividual='1.0', probReversal='0.0', probSingle='1.0'
527.0697, 2624.4382978723406, 58250.9580, 372, 15.8697, alpha='50', beta='1.0', bound='1.5', crossoverRate='1.0', elitism='0.20', interAttemptRate='2', interMutationRate='0.2', intraMutationRate='0.25', populationSize='500', probBestIndividual='1.0', probReversal='0.0', probSingle='1.0'
527.2855, 2624.5550847457625, 58262.4246, 372, 15.8855, alpha='50', beta='1.0', bound='1.5', crossoverRate='1.0', elitism='0.20', interAttemptRate='2', interMutationRate='0.2', intraMutationRate='0.25', populationSize='500', probBestIndividual='1.0', probReversal='0.0', probSingle='1.0'
527.5002, 2624.5611814345993, 58274.3437, 372, 15.9002, alpha='50', beta='1.0', bound='1.5', crossoverRate='1.0', elitism='0.20', interAttemptRate='2', interMutationRate='0.2', intraMutationRate='0.25', populationSize='500', probBestIndividual='1.0', probReversal='0.0', probSingle='1.0'
527.7149, 2624.6974789915967, 58286.0953, 372, 15.9149, alpha='50', beta='1.0', bound='1.5', crossoverRate='1.0', elitism='0.20', interAttemptRate='2', interMutationRate='0.2', intraMutationRate='0.25', populationSize='500', probBestIndividual='1.0', probReversal='0.0', probSingle='1.0'
527.9301, 2624.63179916318, 58298.1877, 372, 15.9301, alpha='50', beta='1.0', bound='1.5', crossoverRate='1.0', elitism='0.20', interAttemptRate='2', interMutationRate='0.2', intraMutationRate='0.25', populationSize='500', probBestIndividual='1.0', probReversal='0.0', probSingle='1.0'
528.1420, 2624.7791666666667, 58310.8641, 372, 15.9420, alpha='50', beta='1.0', bound='1.5', crossoverRate='1.0', elitism='0.20', interAttemptRate='2', interMutationRate='0.2', intraMutationRate='0.25', populationSize='500', probBestIndividual='1.0', probReversal='0.0', probSingle='1.0'
528.3572, 2624.713692946058, 58321.3333, 372, 15.9572, alpha='50', beta='1.0', bound='1.5', crossoverRate='1.0', elitism='0.20', interAttemptRate='2', interMutationRate='0.2', intraMutationRate='0.25', populationSize='500', probBestIndividual='1.0', probReversal='0.0', probSingle='1.0'
528.5733, 2624.7685950413224, 58334.7231, 372, 15.9733, alpha='50', beta='1.0', bound='1.5', crossoverRate='1.0', elitism='0.20', interAttemptRate='2', interMutationRate='0.2', intraMutationRate='0.25', populationSize='500', probBestIndividual='1.0', probReversal='0.0', probSingle='1.0'
528.7893, 2624.732510288066, 58344.2409, 372, 15.9893, alpha='50', beta='1.0', bound='1.5', crossoverRate='1.0', elitism='0.20', interAttemptRate='2', interMutationRate='0.2', intraMutationRate='0.25', populationSize='500', probBestIndividual='1.0', probReversal='0.0', probSingle='1.0'
529.0048, 2624.5163934426228, 58356.0813, 372, 16.0048, alpha='50', beta='1.0', bound='1.5', crossoverRate='1.0', elitism='0.20', interAttemptRate='2', interMutationRate='0.2', intraMutationRate='0.25', populationSize='500', probBestIndividual='1.0', probReversal='0.0', probSingle='1.0'
529.2216, 2624.5959183673467, 58367.2644, 372, 16.0216, alpha='50', beta='1.0', bound='1.5', crossoverRate='1.0', elitism='0.20', interAttemptRate='2', interMutationRate='0.2', intraMutationRate='0.25', populationSize='500', probBestIndividual='1.0', probReversal='0.0', probSingle='1.0'
529.4343, 2624.4959349593496, 58379.3774, 372, 16.0343, alpha='50', beta='1.0', bound='1.5', crossoverRate='1.0', elitism='0.20', interAttemptRate='2', interMutationRate='0.2', intraMutationRate='0.25', populationSize='500', probBestIndividual='1.0', probReversal='0.0', probSingle='1.0'
529.6489, 2624.672064777328, 58391.1429, 372, 16.0489, alpha='50', beta='1.0', bound='1.5', crossoverRate='1.0', elitism='0.20', interAttemptRate='2', interMutationRate='0.2', intraMutationRate='0.25', populationSize='500', probBestIndividual='1.0', probReversal='0.0', probSingle='1.0'
529.8648, 2624.7137096774195, 58403.8370, 372, 16.0648, alpha='50', beta='1.0', bound='1.5', crossoverRate='1.0', elitism='0.20', interAttemptRate='2', interMutationRate='0.2', intraMutationRate='0.25', populationSize='500', probBestIndividual='1.0', probReversal='0.0', probSingle='1.0'
530.0808, 2624.6465863453814, 58414.0664, 372, 16.0808, alpha='50', beta='1.0', bound='1.5', crossoverRate='1.0', elitism='0.20', interAttemptRate='2', interMutationRate='0.2', intraMutationRate='0.25', populationSize='500', probBestIndividual='1.0', probReversal='0.0', probSingle='1.0'
530.2947, 2624.692, 58425.0809, 372, 16.0947, alpha='50', beta='1.0', bound='1.5', crossoverRate='1.0', elitism='0.20', interAttemptRate='2', interMutationRate='0.2', intraMutationRate='0.25', populationSize='500', probBestIndividual='1.0', probReversal='0.0', probSingle='1.0'
530.5038, 2624.569721115538, 58437.7500, 372, 16.1038, alpha='50', beta='1.0', bound='1.5', crossoverRate='1.0', elitism='0.20', interAttemptRate='2', interMutationRate='0.2', intraMutationRate='0.25', populationSize='500', probBestIndividual='1.0', probReversal='0.0', probSingle='1.0'
530.7161, 2624.7896825396824, 58449.7168, 372, 16.1161, alpha='50', beta='1.0', bound='1.5', crossoverRate='1.0', elitism='0.20', interAttemptRate='2', interMutationRate='0.2', intraMutationRate='0.25', populationSize='500', probBestIndividual='1.0', probReversal='0.0', probSingle='1.0'
530.9316, 2624.822134387352, 58460.9286, 372, 16.1316, alpha='50', beta='1.0', bound='1.5', crossoverRate='1.0', elitism='0.20', interAttemptRate='2', interMutationRate='0.2', intraMutationRate='0.25', populationSize='500', probBestIndividual='1.0', probReversal='0.0', probSingle='1.0'
531.1448, 2624.771653543307, 58471.6724, 372, 16.1448, alpha='50', beta='1.0', bound='1.5', crossoverRate='1.0', elitism='0.20', interAttemptRate='2', interMutationRate='0.2', intraMutationRate='0.25', populationSize='500', probBestIndividual='1.0', probReversal='0.0', probSingle='1.0'
531.3603, 2624.8196078431374, 58482.8409, 372, 16.1603, alpha='50', beta='1.0', bound='1.5', crossoverRate='1.0', elitism='0.20', interAttemptRate='2', interMutationRate='0.2', intraMutationRate='0.25', populationSize='500', probBestIndividual='1.0', probReversal='0.0', probSingle='1.0'
531.5760, 2624.6484375, 58493.3293, 372, 16.1760, alpha='50', beta='1.0', bound='1.5', crossoverRate='1.0', elitism='0.20', interAttemptRate='2', interMutationRate='0.2', intraMutationRate='0.25', populationSize='500', probBestIndividual='1.0', probReversal='0.0', probSingle='1.0'
531.7898, 2624.556420233463, 58505.8549, 372, 16.1898, alpha='50', beta='1.0', bound='1.5', crossoverRate='1.0', elitism='0.20', interAttemptRate='2', interMutationRate='0.2', intraMutationRate='0.25', populationSize='500', probBestIndividual='1.0', probReversal='0.0', probSingle='1.0'
532.0060, 2624.3410852713178, 58517.6572, 372, 16.2060, alpha='50', beta='1.0', bound='1.5', crossoverRate='1.0', elitism='0.20', interAttemptRate='2', interMutationRate='0.2', intraMutationRate='0.25', populationSize='500', probBestIndividual='1.0', probReversal='0.0', probSingle='1.0'
532.2229, 2624.2972972972975, 58527.3668, 372, 16.2229, alpha='50', beta='1.0', bound='1.5', crossoverRate='1.0', elitism='0.20', interAttemptRate='2', interMutationRate='0.2', intraMutationRate='0.25', populationSize='500', probBestIndividual='1.0', probReversal='0.0', probSingle='1.0'
532.4401, 2624.4846153846156, 58539.5951, 372, 16.2401, alpha='50', beta='1.0', bound='1.5', crossoverRate='1.0', elitism='0.20', interAttemptRate='2', interMutationRate='0.2', intraMutationRate='0.25', populationSize='500', probBestIndividual='1.0', probReversal='0.0', probSingle='1.0'
532.6568, 2624.394636015326, 58550.4378, 372, 16.2568, alpha='50', beta='1.0', bound='1.5', crossoverRate='1.0', elitism='0.20', interAttemptRate='2', interMutationRate='0.2', intraMutationRate='0.25', populationSize='500', probBestIndividual='1.0', probReversal='0.0', probSingle='1.0'
532.8700, 2624.381679389313, 58562.9816, 372, 16.2700, alpha='50', beta='1.0', bound='1.5', crossoverRate='1.0', elitism='0.20', interAttemptRate='2', interMutationRate='0.2', intraMutationRate='0.25', populationSize='500', probBestIndividual='1.0', probReversal='0.0', probSingle='1.0'
533.0830, 2624.0798479087453, 58574.6852, 372, 16.2830, alpha='50', beta='1.0', bound='1.5', crossoverRate='1.0', elitism='0.20', interAttemptRate='2', interMutationRate='0.2', intraMutationRate='0.25', populationSize='500', probBestIndividual='1.0', probReversal='0.0', probSingle='1.0'
533.2994, 2624.1060606060605, 58584.1666, 372, 16.2994, alpha='50', beta='1.0', bound='1.5', crossoverRate='1.0', elitism='0.20', interAttemptRate='2', interMutationRate='0.2', intraMutationRate='0.25', populationSize='500', probBestIndividual='1.0', probReversal='0.0', probSingle='1.0'
533.5150, 2624.0, 58595.0077, 372, 16.3150, alpha='50', beta='1.0', bound='1.5', crossoverRate='1.0', elitism='0.20', interAttemptRate='2', interMutationRate='0.2', intraMutationRate='0.25', populationSize='500', probBestIndividual='1.0', probReversal='0.0', probSingle='1.0'
533.7314, 2623.9323308270677, 58607.5314, 372, 16.3314, alpha='50', beta='1.0', bound='1.5', crossoverRate='1.0', elitism='0.20', interAttemptRate='2', interMutationRate='0.2', intraMutationRate='0.25', populationSize='500', probBestIndividual='1.0', probReversal='0.0', probSingle='1.0'
533.9458, 2623.940074906367, 58618.0694, 372, 16.3458, alpha='50', beta='1.0', bound='1.5', crossoverRate='1.0', elitism='0.20', interAttemptRate='2', interMutationRate='0.2', intraMutationRate='0.25', populationSize='500', probBestIndividual='1.0', probReversal='0.0', probSingle='1.0'
534.1626, 2623.9253731343283, 58630.1917, 372, 16.3626, alpha='50', beta='1.0', bound='1.5', crossoverRate='1.0', elitism='0.20', interAttemptRate='2', interMutationRate='0.2', intraMutationRate='0.25', populationSize='500', probBestIndividual='1.0', probReversal='0.0', probSingle='1.0'
534.3749, 2623.9516728624535, 58643.5214, 372, 16.3749, alpha='50', beta='1.0', bound='1.5', crossoverRate='1.0', elitism='0.20', interAttemptRate='2', interMutationRate='0.2', intraMutationRate='0.25', populationSize='500', probBestIndividual='1.0', probReversal='0.0', probSingle='1.0'
534.5874, 2623.988888888889, 58654.6833, 372, 16.3874, alpha='50', beta='1.0', bound='1.5', crossoverRate='1.0', elitism='0.20', interAttemptRate='2', interMutationRate='0.2', intraMutationRate='0.25', populationSize='500', probBestIndividual='1.0', probReversal='0.0', probSingle='1.0'
534.8050, 2624.0811808118083, 58665.2311, 372, 16.4050, alpha='50', beta='1.0', bound='1.5', crossoverRate='1.0', elitism='0.20', interAttemptRate='2', interMutationRate='0.2', intraMutationRate='0.25', populationSize='500', probBestIndividual='1.0', probReversal='0.0', probSingle='1.0'
535.0212, 2623.970588235294, 58677.7481, 372, 16.4212, alpha='50', beta='1.0', bound='1.5', crossoverRate='1.0', elitism='0.20', interAttemptRate='2', interMutationRate='0.2', intraMutationRate='0.25', populationSize='500', probBestIndividual='1.0', probReversal='0.0', probSingle='1.0'
535.2384, 2623.992673992674, 58688.0869, 372, 16.4384, alpha='50', beta='1.0', bound='1.5', crossoverRate='1.0', elitism='0.20', interAttemptRate='2', interMutationRate='0.2', intraMutationRate='0.25', populationSize='500', probBestIndividual='1.0', probReversal='0.0', probSingle='1.0'
1028.4001, 2623.992673992674, 87244.9525, 372, 28.4001, alpha='50', beta='1.0', bound='1.5', crossoverRate='1.0', elitism='0.20', interAttemptRate='2', interMutationRate='0.2', intraMutationRate='0.25', populationSize='500', probBestIndividual='1.0', probReversal='0.0', probSingle='1.0'
