../GA ../Data/DataFiles/pr01 804 0.6093836338197155 0.5751333255487134 0.4343625034716109 11 2.057524746984313 114.73686498561548 1.2407225086456957 0.7775868266925229 0.6068101948252413 0.3190441010390025 0.0971502331746411 893 446 > logs_RF/salida_pr01_0
../GA ../Data/DataFiles/pr01 80 0.6093836338197155 0.5751333255487134 0.4343625034716109 11 2.057524746984313 114.73686498561548 1.2407225086456957 0.7775868266925229 0.6068101948252413 0.3190441010390025 0.0971502331746411 893 446 > logs_RF/salida_pr01_1
../GA ../Data/DataFiles/pr01 787 0.6093836338197155 0.5751333255487134 0.4343625034716109 11 2.057524746984313 114.73686498561548 1.2407225086456957 0.7775868266925229 0.6068101948252413 0.3190441010390025 0.0971502331746411 893 446 > logs_RF/salida_pr01_2
../GA ../Data/DataFiles/pr01 423 0.6093836338197155 0.5751333255487134 0.4343625034716109 11 2.057524746984313 114.73686498561548 1.2407225086456957 0.7775868266925229 0.6068101948252413 0.3190441010390025 0.0971502331746411 893 446 > logs_RF/salida_pr01_3
../GA ../Data/DataFiles/pr01 77 0.6093836338197155 0.5751333255487134 0.4343625034716109 11 2.057524746984313 114.73686498561548 1.2407225086456957 0.7775868266925229 0.6068101948252413 0.3190441010390025 0.0971502331746411 893 446 > logs_RF/salida_pr01_4
../GA ../Data/DataFiles/pr01 399 0.6093836338197155 0.5751333255487134 0.4343625034716109 11 2.057524746984313 114.73686498561548 1.2407225086456957 0.7775868266925229 0.6068101948252413 0.3190441010390025 0.0971502331746411 893 446 > logs_RF/salida_pr01_5
../GA ../Data/DataFiles/pr01 309 0.6093836338197155 0.5751333255487134 0.4343625034716109 11 2.057524746984313 114.73686498561548 1.2407225086456957 0.7775868266925229 0.6068101948252413 0.3190441010390025 0.0971502331746411 893 446 > logs_RF/salida_pr01_6
../GA ../Data/DataFiles/pr01 920 0.6093836338197155 0.5751333255487134 0.4343625034716109 11 2.057524746984313 114.73686498561548 1.2407225086456957 0.7775868266925229 0.6068101948252413 0.3190441010390025 0.0971502331746411 893 446 > logs_RF/salida_pr01_7
../GA ../Data/DataFiles/pr01 842 0.6093836338197155 0.5751333255487134 0.4343625034716109 11 2.057524746984313 114.73686498561548 1.2407225086456957 0.7775868266925229 0.6068101948252413 0.3190441010390025 0.0971502331746411 893 446 > logs_RF/salida_pr01_8
../GA ../Data/DataFiles/pr01 359 0.6093836338197155 0.5751333255487134 0.4343625034716109 11 2.057524746984313 114.73686498561548 1.2407225086456957 0.7775868266925229 0.6068101948252413 0.3190441010390025 0.0971502331746411 893 446 > logs_RF/salida_pr01_9
../GA ../Data/DataFiles/pr02 442 0.6382088440540257 0.5857728909643622 0.6119069517844935 1 2.6054966604179586 82.32472083404276 0.3724162582964744 0.7684888154628592 0.5729547788793631 0.4775029913534503 0.07040039676045418 782 391 > logs_RF/salida_pr02_0
../GA ../Data/DataFiles/pr02 795 0.6382088440540257 0.5857728909643622 0.6119069517844935 1 2.6054966604179586 82.32472083404276 0.3724162582964744 0.7684888154628592 0.5729547788793631 0.4775029913534503 0.07040039676045418 782 391 > logs_RF/salida_pr02_1
../GA ../Data/DataFiles/pr02 923 0.6382088440540257 0.5857728909643622 0.6119069517844935 1 2.6054966604179586 82.32472083404276 0.3724162582964744 0.7684888154628592 0.5729547788793631 0.4775029913534503 0.07040039676045418 782 391 > logs_RF/salida_pr02_2
../GA ../Data/DataFiles/pr02 159 0.6382088440540257 0.5857728909643622 0.6119069517844935 1 2.6054966604179586 82.32472083404276 0.3724162582964744 0.7684888154628592 0.5729547788793631 0.4775029913534503 0.07040039676045418 782 391 > logs_RF/salida_pr02_3
../GA ../Data/DataFiles/pr02 612 0.6382088440540257 0.5857728909643622 0.6119069517844935 1 2.6054966604179586 82.32472083404276 0.3724162582964744 0.7684888154628592 0.5729547788793631 0.4775029913534503 0.07040039676045418 782 391 > logs_RF/salida_pr02_4
../GA ../Data/DataFiles/pr02 409 0.6382088440540257 0.5857728909643622 0.6119069517844935 1 2.6054966604179586 82.32472083404276 0.3724162582964744 0.7684888154628592 0.5729547788793631 0.4775029913534503 0.07040039676045418 782 391 > logs_RF/salida_pr02_5
../GA ../Data/DataFiles/pr02 407 0.6382088440540257 0.5857728909643622 0.6119069517844935 1 2.6054966604179586 82.32472083404276 0.3724162582964744 0.7684888154628592 0.5729547788793631 0.4775029913534503 0.07040039676045418 782 391 > logs_RF/salida_pr02_6
../GA ../Data/DataFiles/pr02 242 0.6382088440540257 0.5857728909643622 0.6119069517844935 1 2.6054966604179586 82.32472083404276 0.3724162582964744 0.7684888154628592 0.5729547788793631 0.4775029913534503 0.07040039676045418 782 391 > logs_RF/salida_pr02_7
../GA ../Data/DataFiles/pr02 559 0.6382088440540257 0.5857728909643622 0.6119069517844935 1 2.6054966604179586 82.32472083404276 0.3724162582964744 0.7684888154628592 0.5729547788793631 0.4775029913534503 0.07040039676045418 782 391 > logs_RF/salida_pr02_8
../GA ../Data/DataFiles/pr02 943 0.6382088440540257 0.5857728909643622 0.6119069517844935 1 2.6054966604179586 82.32472083404276 0.3724162582964744 0.7684888154628592 0.5729547788793631 0.4775029913534503 0.07040039676045418 782 391 > logs_RF/salida_pr02_9
../GA ../Data/DataFiles/pr03 198 0.7032427289958305 0.5721072689991533 0.4853328500966577 6 2.1209912724127267 78.93153586929557 3.5367292410759763 0.7600552722531361 0.5302318241506969 0.5075416931968707 0.07315845980753871 457 219 > logs_RF/salida_pr03_0
../GA ../Data/DataFiles/pr03 908 0.7032427289958305 0.5721072689991533 0.4853328500966577 6 2.1209912724127267 78.93153586929557 3.5367292410759763 0.7600552722531361 0.5302318241506969 0.5075416931968707 0.07315845980753871 457 219 > logs_RF/salida_pr03_1
../GA ../Data/DataFiles/pr03 306 0.7032427289958305 0.5721072689991533 0.4853328500966577 6 2.1209912724127267 78.93153586929557 3.5367292410759763 0.7600552722531361 0.5302318241506969 0.5075416931968707 0.07315845980753871 457 219 > logs_RF/salida_pr03_2
../GA ../Data/DataFiles/pr03 703 0.7032427289958305 0.5721072689991533 0.4853328500966577 6 2.1209912724127267 78.93153586929557 3.5367292410759763 0.7600552722531361 0.5302318241506969 0.5075416931968707 0.07315845980753871 457 219 > logs_RF/salida_pr03_3
../GA ../Data/DataFiles/pr03 280 0.7032427289958305 0.5721072689991533 0.4853328500966577 6 2.1209912724127267 78.93153586929557 3.5367292410759763 0.7600552722531361 0.5302318241506969 0.5075416931968707 0.07315845980753871 457 219 > logs_RF/salida_pr03_4
../GA ../Data/DataFiles/pr03 367 0.7032427289958305 0.5721072689991533 0.4853328500966577 6 2.1209912724127267 78.93153586929557 3.5367292410759763 0.7600552722531361 0.5302318241506969 0.5075416931968707 0.07315845980753871 457 219 > logs_RF/salida_pr03_5
../GA ../Data/DataFiles/pr03 587 0.7032427289958305 0.5721072689991533 0.4853328500966577 6 2.1209912724127267 78.93153586929557 3.5367292410759763 0.7600552722531361 0.5302318241506969 0.5075416931968707 0.07315845980753871 457 219 > logs_RF/salida_pr03_6
../GA ../Data/DataFiles/pr03 76 0.7032427289958305 0.5721072689991533 0.4853328500966577 6 2.1209912724127267 78.93153586929557 3.5367292410759763 0.7600552722531361 0.5302318241506969 0.5075416931968707 0.07315845980753871 457 219 > logs_RF/salida_pr03_7
../GA ../Data/DataFiles/pr03 838 0.7032427289958305 0.5721072689991533 0.4853328500966577 6 2.1209912724127267 78.93153586929557 3.5367292410759763 0.7600552722531361 0.5302318241506969 0.5075416931968707 0.07315845980753871 457 219 > logs_RF/salida_pr03_8
../GA ../Data/DataFiles/pr03 816 0.7032427289958305 0.5721072689991533 0.4853328500966577 6 2.1209912724127267 78.93153586929557 3.5367292410759763 0.7600552722531361 0.5302318241506969 0.5075416931968707 0.07315845980753871 457 219 > logs_RF/salida_pr03_9
../GA ../Data/DataFiles/pr04 396 0.8567804530978753 0.5366099197068448 0.5684221624683634 3 2.058527391927382 133.59814826262055 0.3534236047096027 0.7621225819832037 0.5894955502399969 0.637458560792811 0.09247436858248234 356 282 > logs_RF/salida_pr04_0
../GA ../Data/DataFiles/pr04 214 0.8567804530978753 0.5366099197068448 0.5684221624683634 3 2.058527391927382 133.59814826262055 0.3534236047096027 0.7621225819832037 0.5894955502399969 0.637458560792811 0.09247436858248234 356 282 > logs_RF/salida_pr04_1
../GA ../Data/DataFiles/pr04 610 0.8567804530978753 0.5366099197068448 0.5684221624683634 3 2.058527391927382 133.59814826262055 0.3534236047096027 0.7621225819832037 0.5894955502399969 0.637458560792811 0.09247436858248234 356 282 > logs_RF/salida_pr04_2
../GA ../Data/DataFiles/pr04 832 0.8567804530978753 0.5366099197068448 0.5684221624683634 3 2.058527391927382 133.59814826262055 0.3534236047096027 0.7621225819832037 0.5894955502399969 0.637458560792811 0.09247436858248234 356 282 > logs_RF/salida_pr04_3
../GA ../Data/DataFiles/pr04 481 0.8567804530978753 0.5366099197068448 0.5684221624683634 3 2.058527391927382 133.59814826262055 0.3534236047096027 0.7621225819832037 0.5894955502399969 0.637458560792811 0.09247436858248234 356 282 > logs_RF/salida_pr04_4
../GA ../Data/DataFiles/pr04 157 0.8567804530978753 0.5366099197068448 0.5684221624683634 3 2.058527391927382 133.59814826262055 0.3534236047096027 0.7621225819832037 0.5894955502399969 0.637458560792811 0.09247436858248234 356 282 > logs_RF/salida_pr04_5
../GA ../Data/DataFiles/pr04 226 0.8567804530978753 0.5366099197068448 0.5684221624683634 3 2.058527391927382 133.59814826262055 0.3534236047096027 0.7621225819832037 0.5894955502399969 0.637458560792811 0.09247436858248234 356 282 > logs_RF/salida_pr04_6
../GA ../Data/DataFiles/pr04 308 0.8567804530978753 0.5366099197068448 0.5684221624683634 3 2.058527391927382 133.59814826262055 0.3534236047096027 0.7621225819832037 0.5894955502399969 0.637458560792811 0.09247436858248234 356 282 > logs_RF/salida_pr04_7
../GA ../Data/DataFiles/pr04 560 0.8567804530978753 0.5366099197068448 0.5684221624683634 3 2.058527391927382 133.59814826262055 0.3534236047096027 0.7621225819832037 0.5894955502399969 0.637458560792811 0.09247436858248234 356 282 > logs_RF/salida_pr04_8
../GA ../Data/DataFiles/pr04 24 0.8567804530978753 0.5366099197068448 0.5684221624683634 3 2.058527391927382 133.59814826262055 0.3534236047096027 0.7621225819832037 0.5894955502399969 0.637458560792811 0.09247436858248234 356 282 > logs_RF/salida_pr04_9
../GA ../Data/DataFiles/pr05 567 0.9967604345286307 0.5202274634513634 0.6850753999538337 4 1.469757251985594 67.36010576218791 4.401387651772602 0.9030284191028872 0.39920798857177836 0.7658675310383893 0.14004886815596415 351 285 > logs_RF/salida_pr05_0
../GA ../Data/DataFiles/pr05 425 0.9967604345286307 0.5202274634513634 0.6850753999538337 4 1.469757251985594 67.36010576218791 4.401387651772602 0.9030284191028872 0.39920798857177836 0.7658675310383893 0.14004886815596415 351 285 > logs_RF/salida_pr05_1
../GA ../Data/DataFiles/pr05 105 0.9967604345286307 0.5202274634513634 0.6850753999538337 4 1.469757251985594 67.36010576218791 4.401387651772602 0.9030284191028872 0.39920798857177836 0.7658675310383893 0.14004886815596415 351 285 > logs_RF/salida_pr05_2
../GA ../Data/DataFiles/pr05 751 0.9967604345286307 0.5202274634513634 0.6850753999538337 4 1.469757251985594 67.36010576218791 4.401387651772602 0.9030284191028872 0.39920798857177836 0.7658675310383893 0.14004886815596415 351 285 > logs_RF/salida_pr05_3
../GA ../Data/DataFiles/pr05 561 0.9967604345286307 0.5202274634513634 0.6850753999538337 4 1.469757251985594 67.36010576218791 4.401387651772602 0.9030284191028872 0.39920798857177836 0.7658675310383893 0.14004886815596415 351 285 > logs_RF/salida_pr05_4
../GA ../Data/DataFiles/pr05 94 0.9967604345286307 0.5202274634513634 0.6850753999538337 4 1.469757251985594 67.36010576218791 4.401387651772602 0.9030284191028872 0.39920798857177836 0.7658675310383893 0.14004886815596415 351 285 > logs_RF/salida_pr05_5
../GA ../Data/DataFiles/pr05 811 0.9967604345286307 0.5202274634513634 0.6850753999538337 4 1.469757251985594 67.36010576218791 4.401387651772602 0.9030284191028872 0.39920798857177836 0.7658675310383893 0.14004886815596415 351 285 > logs_RF/salida_pr05_6
../GA ../Data/DataFiles/pr05 340 0.9967604345286307 0.5202274634513634 0.6850753999538337 4 1.469757251985594 67.36010576218791 4.401387651772602 0.9030284191028872 0.39920798857177836 0.7658675310383893 0.14004886815596415 351 285 > logs_RF/salida_pr05_7
../GA ../Data/DataFiles/pr05 60 0.9967604345286307 0.5202274634513634 0.6850753999538337 4 1.469757251985594 67.36010576218791 4.401387651772602 0.9030284191028872 0.39920798857177836 0.7658675310383893 0.14004886815596415 351 285 > logs_RF/salida_pr05_8
../GA ../Data/DataFiles/pr05 37 0.9967604345286307 0.5202274634513634 0.6850753999538337 4 1.469757251985594 67.36010576218791 4.401387651772602 0.9030284191028872 0.39920798857177836 0.7658675310383893 0.14004886815596415 351 285 > logs_RF/salida_pr05_9
../GA ../Data/DataFiles/pr06 781 0.9771295446047633 0.6122273190831079 0.6407800931367337 8 1.022168905639386 56.474004806979735 8.220785013768245 0.7494156413044406 0.5176077128450789 0.47512694050688065 0.13877279600557363 405 248 > logs_RF/salida_pr06_0
../GA ../Data/DataFiles/pr06 94 0.9771295446047633 0.6122273190831079 0.6407800931367337 8 1.022168905639386 56.474004806979735 8.220785013768245 0.7494156413044406 0.5176077128450789 0.47512694050688065 0.13877279600557363 405 248 > logs_RF/salida_pr06_1
../GA ../Data/DataFiles/pr06 786 0.9771295446047633 0.6122273190831079 0.6407800931367337 8 1.022168905639386 56.474004806979735 8.220785013768245 0.7494156413044406 0.5176077128450789 0.47512694050688065 0.13877279600557363 405 248 > logs_RF/salida_pr06_2
../GA ../Data/DataFiles/pr06 79 0.9771295446047633 0.6122273190831079 0.6407800931367337 8 1.022168905639386 56.474004806979735 8.220785013768245 0.7494156413044406 0.5176077128450789 0.47512694050688065 0.13877279600557363 405 248 > logs_RF/salida_pr06_3
../GA ../Data/DataFiles/pr06 67 0.9771295446047633 0.6122273190831079 0.6407800931367337 8 1.022168905639386 56.474004806979735 8.220785013768245 0.7494156413044406 0.5176077128450789 0.47512694050688065 0.13877279600557363 405 248 > logs_RF/salida_pr06_4
../GA ../Data/DataFiles/pr06 382 0.9771295446047633 0.6122273190831079 0.6407800931367337 8 1.022168905639386 56.474004806979735 8.220785013768245 0.7494156413044406 0.5176077128450789 0.47512694050688065 0.13877279600557363 405 248 > logs_RF/salida_pr06_5
../GA ../Data/DataFiles/pr06 645 0.9771295446047633 0.6122273190831079 0.6407800931367337 8 1.022168905639386 56.474004806979735 8.220785013768245 0.7494156413044406 0.5176077128450789 0.47512694050688065 0.13877279600557363 405 248 > logs_RF/salida_pr06_6
../GA ../Data/DataFiles/pr06 142 0.9771295446047633 0.6122273190831079 0.6407800931367337 8 1.022168905639386 56.474004806979735 8.220785013768245 0.7494156413044406 0.5176077128450789 0.47512694050688065 0.13877279600557363 405 248 > logs_RF/salida_pr06_7
../GA ../Data/DataFiles/pr06 87 0.9771295446047633 0.6122273190831079 0.6407800931367337 8 1.022168905639386 56.474004806979735 8.220785013768245 0.7494156413044406 0.5176077128450789 0.47512694050688065 0.13877279600557363 405 248 > logs_RF/salida_pr06_8
../GA ../Data/DataFiles/pr06 82 0.9771295446047633 0.6122273190831079 0.6407800931367337 8 1.022168905639386 56.474004806979735 8.220785013768245 0.7494156413044406 0.5176077128450789 0.47512694050688065 0.13877279600557363 405 248 > logs_RF/salida_pr06_9
../GA ../Data/DataFiles/pr07 47 0.6313212132117784 0.4300420578489007 0.5773033280240184 2 1.635939272162796 92.04514132306429 7.236418888813787 0.7492583062418727 0.5929180624900515 0.6445485752381395 0.09644462824455502 1012 506 > logs_RF/salida_pr07_0
../GA ../Data/DataFiles/pr07 465 0.6313212132117784 0.4300420578489007 0.5773033280240184 2 1.635939272162796 92.04514132306429 7.236418888813787 0.7492583062418727 0.5929180624900515 0.6445485752381395 0.09644462824455502 1012 506 > logs_RF/salida_pr07_1
../GA ../Data/DataFiles/pr07 239 0.6313212132117784 0.4300420578489007 0.5773033280240184 2 1.635939272162796 92.04514132306429 7.236418888813787 0.7492583062418727 0.5929180624900515 0.6445485752381395 0.09644462824455502 1012 506 > logs_RF/salida_pr07_2
../GA ../Data/DataFiles/pr07 544 0.6313212132117784 0.4300420578489007 0.5773033280240184 2 1.635939272162796 92.04514132306429 7.236418888813787 0.7492583062418727 0.5929180624900515 0.6445485752381395 0.09644462824455502 1012 506 > logs_RF/salida_pr07_3
../GA ../Data/DataFiles/pr07 272 0.6313212132117784 0.4300420578489007 0.5773033280240184 2 1.635939272162796 92.04514132306429 7.236418888813787 0.7492583062418727 0.5929180624900515 0.6445485752381395 0.09644462824455502 1012 506 > logs_RF/salida_pr07_4
../GA ../Data/DataFiles/pr07 682 0.6313212132117784 0.4300420578489007 0.5773033280240184 2 1.635939272162796 92.04514132306429 7.236418888813787 0.7492583062418727 0.5929180624900515 0.6445485752381395 0.09644462824455502 1012 506 > logs_RF/salida_pr07_5
../GA ../Data/DataFiles/pr07 129 0.6313212132117784 0.4300420578489007 0.5773033280240184 2 1.635939272162796 92.04514132306429 7.236418888813787 0.7492583062418727 0.5929180624900515 0.6445485752381395 0.09644462824455502 1012 506 > logs_RF/salida_pr07_6
../GA ../Data/DataFiles/pr07 431 0.6313212132117784 0.4300420578489007 0.5773033280240184 2 1.635939272162796 92.04514132306429 7.236418888813787 0.7492583062418727 0.5929180624900515 0.6445485752381395 0.09644462824455502 1012 506 > logs_RF/salida_pr07_7
../GA ../Data/DataFiles/pr07 152 0.6313212132117784 0.4300420578489007 0.5773033280240184 2 1.635939272162796 92.04514132306429 7.236418888813787 0.7492583062418727 0.5929180624900515 0.6445485752381395 0.09644462824455502 1012 506 > logs_RF/salida_pr07_8
../GA ../Data/DataFiles/pr07 315 0.6313212132117784 0.4300420578489007 0.5773033280240184 2 1.635939272162796 92.04514132306429 7.236418888813787 0.7492583062418727 0.5929180624900515 0.6445485752381395 0.09644462824455502 1012 506 > logs_RF/salida_pr07_9
../GA ../Data/DataFiles/pr08 178 0.9293033899188818 0.6383851436946646 0.3849968096142732 12 1.7585186980765157 93.66814768718324 1.341100074400507 0.6913369255395085 0.48890160360579876 0.6039145771397393 0.1412198801550044 358 279 > logs_RF/salida_pr08_0
../GA ../Data/DataFiles/pr08 902 0.9293033899188818 0.6383851436946646 0.3849968096142732 12 1.7585186980765157 93.66814768718324 1.341100074400507 0.6913369255395085 0.48890160360579876 0.6039145771397393 0.1412198801550044 358 279 > logs_RF/salida_pr08_1
../GA ../Data/DataFiles/pr08 171 0.9293033899188818 0.6383851436946646 0.3849968096142732 12 1.7585186980765157 93.66814768718324 1.341100074400507 0.6913369255395085 0.48890160360579876 0.6039145771397393 0.1412198801550044 358 279 > logs_RF/salida_pr08_2
../GA ../Data/DataFiles/pr08 566 0.9293033899188818 0.6383851436946646 0.3849968096142732 12 1.7585186980765157 93.66814768718324 1.341100074400507 0.6913369255395085 0.48890160360579876 0.6039145771397393 0.1412198801550044 358 279 > logs_RF/salida_pr08_3
../GA ../Data/DataFiles/pr08 451 0.9293033899188818 0.6383851436946646 0.3849968096142732 12 1.7585186980765157 93.66814768718324 1.341100074400507 0.6913369255395085 0.48890160360579876 0.6039145771397393 0.1412198801550044 358 279 > logs_RF/salida_pr08_4
../GA ../Data/DataFiles/pr08 866 0.9293033899188818 0.6383851436946646 0.3849968096142732 12 1.7585186980765157 93.66814768718324 1.341100074400507 0.6913369255395085 0.48890160360579876 0.6039145771397393 0.1412198801550044 358 279 > logs_RF/salida_pr08_5
../GA ../Data/DataFiles/pr08 891 0.9293033899188818 0.6383851436946646 0.3849968096142732 12 1.7585186980765157 93.66814768718324 1.341100074400507 0.6913369255395085 0.48890160360579876 0.6039145771397393 0.1412198801550044 358 279 > logs_RF/salida_pr08_6
../GA ../Data/DataFiles/pr08 323 0.9293033899188818 0.6383851436946646 0.3849968096142732 12 1.7585186980765157 93.66814768718324 1.341100074400507 0.6913369255395085 0.48890160360579876 0.6039145771397393 0.1412198801550044 358 279 > logs_RF/salida_pr08_7
../GA ../Data/DataFiles/pr08 185 0.9293033899188818 0.6383851436946646 0.3849968096142732 12 1.7585186980765157 93.66814768718324 1.341100074400507 0.6913369255395085 0.48890160360579876 0.6039145771397393 0.1412198801550044 358 279 > logs_RF/salida_pr08_8
../GA ../Data/DataFiles/pr08 456 0.9293033899188818 0.6383851436946646 0.3849968096142732 12 1.7585186980765157 93.66814768718324 1.341100074400507 0.6913369255395085 0.48890160360579876 0.6039145771397393 0.1412198801550044 358 279 > logs_RF/salida_pr08_9
../GA ../Data/DataFiles/pr09 561 0.7751339781781726 0.4870672567077301 0.7688913107698659 2 2.226933263367342 92.93126646331979 1.3611669986831774 0.7854315214522403 0.43834781814897733 0.32088243166205777 0.06615144488373921 812 406 > logs_RF/salida_pr09_0
../GA ../Data/DataFiles/pr09 723 0.7751339781781726 0.4870672567077301 0.7688913107698659 2 2.226933263367342 92.93126646331979 1.3611669986831774 0.7854315214522403 0.43834781814897733 0.32088243166205777 0.06615144488373921 812 406 > logs_RF/salida_pr09_1
../GA ../Data/DataFiles/pr09 799 0.7751339781781726 0.4870672567077301 0.7688913107698659 2 2.226933263367342 92.93126646331979 1.3611669986831774 0.7854315214522403 0.43834781814897733 0.32088243166205777 0.06615144488373921 812 406 > logs_RF/salida_pr09_2
../GA ../Data/DataFiles/pr09 550 0.7751339781781726 0.4870672567077301 0.7688913107698659 2 2.226933263367342 92.93126646331979 1.3611669986831774 0.7854315214522403 0.43834781814897733 0.32088243166205777 0.06615144488373921 812 406 > logs_RF/salida_pr09_3
../GA ../Data/DataFiles/pr09 40 0.7751339781781726 0.4870672567077301 0.7688913107698659 2 2.226933263367342 92.93126646331979 1.3611669986831774 0.7854315214522403 0.43834781814897733 0.32088243166205777 0.06615144488373921 812 406 > logs_RF/salida_pr09_4
../GA ../Data/DataFiles/pr09 84 0.7751339781781726 0.4870672567077301 0.7688913107698659 2 2.226933263367342 92.93126646331979 1.3611669986831774 0.7854315214522403 0.43834781814897733 0.32088243166205777 0.06615144488373921 812 406 > logs_RF/salida_pr09_5
../GA ../Data/DataFiles/pr09 522 0.7751339781781726 0.4870672567077301 0.7688913107698659 2 2.226933263367342 92.93126646331979 1.3611669986831774 0.7854315214522403 0.43834781814897733 0.32088243166205777 0.06615144488373921 812 406 > logs_RF/salida_pr09_6
../GA ../Data/DataFiles/pr09 383 0.7751339781781726 0.4870672567077301 0.7688913107698659 2 2.226933263367342 92.93126646331979 1.3611669986831774 0.7854315214522403 0.43834781814897733 0.32088243166205777 0.06615144488373921 812 406 > logs_RF/salida_pr09_7
../GA ../Data/DataFiles/pr09 117 0.7751339781781726 0.4870672567077301 0.7688913107698659 2 2.226933263367342 92.93126646331979 1.3611669986831774 0.7854315214522403 0.43834781814897733 0.32088243166205777 0.06615144488373921 812 406 > logs_RF/salida_pr09_8
../GA ../Data/DataFiles/pr09 183 0.7751339781781726 0.4870672567077301 0.7688913107698659 2 2.226933263367342 92.93126646331979 1.3611669986831774 0.7854315214522403 0.43834781814897733 0.32088243166205777 0.06615144488373921 812 406 > logs_RF/salida_pr09_9
../GA ../Data/DataFiles/pr10 995 0.9552749088346589 0.6877464814886248 0.3589583302060918 7 2.6994321746076535 107.88436260454034 0.22829357961481214 0.649570508149563 0.5184998600664573 0.713620239007319 0.1572715185736732 787 127 > logs_RF/salida_pr10_0
../GA ../Data/DataFiles/pr10 45 0.9552749088346589 0.6877464814886248 0.3589583302060918 7 2.6994321746076535 107.88436260454034 0.22829357961481214 0.649570508149563 0.5184998600664573 0.713620239007319 0.1572715185736732 787 127 > logs_RF/salida_pr10_1
../GA ../Data/DataFiles/pr10 215 0.9552749088346589 0.6877464814886248 0.3589583302060918 7 2.6994321746076535 107.88436260454034 0.22829357961481214 0.649570508149563 0.5184998600664573 0.713620239007319 0.1572715185736732 787 127 > logs_RF/salida_pr10_2
../GA ../Data/DataFiles/pr10 583 0.9552749088346589 0.6877464814886248 0.3589583302060918 7 2.6994321746076535 107.88436260454034 0.22829357961481214 0.649570508149563 0.5184998600664573 0.713620239007319 0.1572715185736732 787 127 > logs_RF/salida_pr10_3
../GA ../Data/DataFiles/pr10 926 0.9552749088346589 0.6877464814886248 0.3589583302060918 7 2.6994321746076535 107.88436260454034 0.22829357961481214 0.649570508149563 0.5184998600664573 0.713620239007319 0.1572715185736732 787 127 > logs_RF/salida_pr10_4
../GA ../Data/DataFiles/pr10 822 0.9552749088346589 0.6877464814886248 0.3589583302060918 7 2.6994321746076535 107.88436260454034 0.22829357961481214 0.649570508149563 0.5184998600664573 0.713620239007319 0.1572715185736732 787 127 > logs_RF/salida_pr10_5
../GA ../Data/DataFiles/pr10 663 0.9552749088346589 0.6877464814886248 0.3589583302060918 7 2.6994321746076535 107.88436260454034 0.22829357961481214 0.649570508149563 0.5184998600664573 0.713620239007319 0.1572715185736732 787 127 > logs_RF/salida_pr10_6
../GA ../Data/DataFiles/pr10 649 0.9552749088346589 0.6877464814886248 0.3589583302060918 7 2.6994321746076535 107.88436260454034 0.22829357961481214 0.649570508149563 0.5184998600664573 0.713620239007319 0.1572715185736732 787 127 > logs_RF/salida_pr10_7
../GA ../Data/DataFiles/pr10 225 0.9552749088346589 0.6877464814886248 0.3589583302060918 7 2.6994321746076535 107.88436260454034 0.22829357961481214 0.649570508149563 0.5184998600664573 0.713620239007319 0.1572715185736732 787 127 > logs_RF/salida_pr10_8
../GA ../Data/DataFiles/pr10 358 0.9552749088346589 0.6877464814886248 0.3589583302060918 7 2.6994321746076535 107.88436260454034 0.22829357961481214 0.649570508149563 0.5184998600664573 0.713620239007319 0.1572715185736732 787 127 > logs_RF/salida_pr10_9
../GA ../Data/DataFiles/p01 864 0.7872526844271569 0.742436623498299 0.654837025878377 3 2.1249774010977815 88.90193873985184 0.5039773758958778 0.897793673874423 0.45664940570828516 0.5767073820853164 0.1134449165744703 1037 518 > logs_RF/salida_p01_0
../GA ../Data/DataFiles/p01 34 0.7872526844271569 0.742436623498299 0.654837025878377 3 2.1249774010977815 88.90193873985184 0.5039773758958778 0.897793673874423 0.45664940570828516 0.5767073820853164 0.1134449165744703 1037 518 > logs_RF/salida_p01_1
../GA ../Data/DataFiles/p01 507 0.7872526844271569 0.742436623498299 0.654837025878377 3 2.1249774010977815 88.90193873985184 0.5039773758958778 0.897793673874423 0.45664940570828516 0.5767073820853164 0.1134449165744703 1037 518 > logs_RF/salida_p01_2
../GA ../Data/DataFiles/p01 644 0.7872526844271569 0.742436623498299 0.654837025878377 3 2.1249774010977815 88.90193873985184 0.5039773758958778 0.897793673874423 0.45664940570828516 0.5767073820853164 0.1134449165744703 1037 518 > logs_RF/salida_p01_3
../GA ../Data/DataFiles/p01 74 0.7872526844271569 0.742436623498299 0.654837025878377 3 2.1249774010977815 88.90193873985184 0.5039773758958778 0.897793673874423 0.45664940570828516 0.5767073820853164 0.1134449165744703 1037 518 > logs_RF/salida_p01_4
../GA ../Data/DataFiles/p01 325 0.7872526844271569 0.742436623498299 0.654837025878377 3 2.1249774010977815 88.90193873985184 0.5039773758958778 0.897793673874423 0.45664940570828516 0.5767073820853164 0.1134449165744703 1037 518 > logs_RF/salida_p01_5
../GA ../Data/DataFiles/p01 867 0.7872526844271569 0.742436623498299 0.654837025878377 3 2.1249774010977815 88.90193873985184 0.5039773758958778 0.897793673874423 0.45664940570828516 0.5767073820853164 0.1134449165744703 1037 518 > logs_RF/salida_p01_6
../GA ../Data/DataFiles/p01 398 0.7872526844271569 0.742436623498299 0.654837025878377 3 2.1249774010977815 88.90193873985184 0.5039773758958778 0.897793673874423 0.45664940570828516 0.5767073820853164 0.1134449165744703 1037 518 > logs_RF/salida_p01_7
../GA ../Data/DataFiles/p01 292 0.7872526844271569 0.742436623498299 0.654837025878377 3 2.1249774010977815 88.90193873985184 0.5039773758958778 0.897793673874423 0.45664940570828516 0.5767073820853164 0.1134449165744703 1037 518 > logs_RF/salida_p01_8
../GA ../Data/DataFiles/p01 140 0.7872526844271569 0.742436623498299 0.654837025878377 3 2.1249774010977815 88.90193873985184 0.5039773758958778 0.897793673874423 0.45664940570828516 0.5767073820853164 0.1134449165744703 1037 518 > logs_RF/salida_p01_9
../GA ../Data/DataFiles/p02 304 0.772500212729969 0.5714964115406219 0.669793098826606 2 2.0940198438124167 89.91375491895501 0.8344038174970551 0.8797262534794544 0.4529893926434216 0.555760328400465 0.10753673201037468 1015 508 > logs_RF/salida_p02_0
../GA ../Data/DataFiles/p02 51 0.772500212729969 0.5714964115406219 0.669793098826606 2 2.0940198438124167 89.91375491895501 0.8344038174970551 0.8797262534794544 0.4529893926434216 0.555760328400465 0.10753673201037468 1015 508 > logs_RF/salida_p02_1
../GA ../Data/DataFiles/p02 278 0.772500212729969 0.5714964115406219 0.669793098826606 2 2.0940198438124167 89.91375491895501 0.8344038174970551 0.8797262534794544 0.4529893926434216 0.555760328400465 0.10753673201037468 1015 508 > logs_RF/salida_p02_2
../GA ../Data/DataFiles/p02 606 0.772500212729969 0.5714964115406219 0.669793098826606 2 2.0940198438124167 89.91375491895501 0.8344038174970551 0.8797262534794544 0.4529893926434216 0.555760328400465 0.10753673201037468 1015 508 > logs_RF/salida_p02_3
../GA ../Data/DataFiles/p02 492 0.772500212729969 0.5714964115406219 0.669793098826606 2 2.0940198438124167 89.91375491895501 0.8344038174970551 0.8797262534794544 0.4529893926434216 0.555760328400465 0.10753673201037468 1015 508 > logs_RF/salida_p02_4
../GA ../Data/DataFiles/p02 675 0.772500212729969 0.5714964115406219 0.669793098826606 2 2.0940198438124167 89.91375491895501 0.8344038174970551 0.8797262534794544 0.4529893926434216 0.555760328400465 0.10753673201037468 1015 508 > logs_RF/salida_p02_5
../GA ../Data/DataFiles/p02 1000 0.772500212729969 0.5714964115406219 0.669793098826606 2 2.0940198438124167 89.91375491895501 0.8344038174970551 0.8797262534794544 0.4529893926434216 0.555760328400465 0.10753673201037468 1015 508 > logs_RF/salida_p02_6
../GA ../Data/DataFiles/p02 155 0.772500212729969 0.5714964115406219 0.669793098826606 2 2.0940198438124167 89.91375491895501 0.8344038174970551 0.8797262534794544 0.4529893926434216 0.555760328400465 0.10753673201037468 1015 508 > logs_RF/salida_p02_7
../GA ../Data/DataFiles/p02 324 0.772500212729969 0.5714964115406219 0.669793098826606 2 2.0940198438124167 89.91375491895501 0.8344038174970551 0.8797262534794544 0.4529893926434216 0.555760328400465 0.10753673201037468 1015 508 > logs_RF/salida_p02_8
../GA ../Data/DataFiles/p02 985 0.772500212729969 0.5714964115406219 0.669793098826606 2 2.0940198438124167 89.91375491895501 0.8344038174970551 0.8797262534794544 0.4529893926434216 0.555760328400465 0.10753673201037468 1015 508 > logs_RF/salida_p02_9
../GA ../Data/DataFiles/p03 755 0.7046736723496672 0.47335203662904646 0.782729544448682 2 1.9978860410935166 95.31995565028426 3.385031323667713 0.7671585038885911 0.4156055362125059 0.31792810389931314 0.0812344678319784 953 477 > logs_RF/salida_p03_0
../GA ../Data/DataFiles/p03 189 0.7046736723496672 0.47335203662904646 0.782729544448682 2 1.9978860410935166 95.31995565028426 3.385031323667713 0.7671585038885911 0.4156055362125059 0.31792810389931314 0.0812344678319784 953 477 > logs_RF/salida_p03_1
../GA ../Data/DataFiles/p03 389 0.7046736723496672 0.47335203662904646 0.782729544448682 2 1.9978860410935166 95.31995565028426 3.385031323667713 0.7671585038885911 0.4156055362125059 0.31792810389931314 0.0812344678319784 953 477 > logs_RF/salida_p03_2
../GA ../Data/DataFiles/p03 820 0.7046736723496672 0.47335203662904646 0.782729544448682 2 1.9978860410935166 95.31995565028426 3.385031323667713 0.7671585038885911 0.4156055362125059 0.31792810389931314 0.0812344678319784 953 477 > logs_RF/salida_p03_3
../GA ../Data/DataFiles/p03 698 0.7046736723496672 0.47335203662904646 0.782729544448682 2 1.9978860410935166 95.31995565028426 3.385031323667713 0.7671585038885911 0.4156055362125059 0.31792810389931314 0.0812344678319784 953 477 > logs_RF/salida_p03_4
../GA ../Data/DataFiles/p03 232 0.7046736723496672 0.47335203662904646 0.782729544448682 2 1.9978860410935166 95.31995565028426 3.385031323667713 0.7671585038885911 0.4156055362125059 0.31792810389931314 0.0812344678319784 953 477 > logs_RF/salida_p03_5
../GA ../Data/DataFiles/p03 878 0.7046736723496672 0.47335203662904646 0.782729544448682 2 1.9978860410935166 95.31995565028426 3.385031323667713 0.7671585038885911 0.4156055362125059 0.31792810389931314 0.0812344678319784 953 477 > logs_RF/salida_p03_6
../GA ../Data/DataFiles/p03 30 0.7046736723496672 0.47335203662904646 0.782729544448682 2 1.9978860410935166 95.31995565028426 3.385031323667713 0.7671585038885911 0.4156055362125059 0.31792810389931314 0.0812344678319784 953 477 > logs_RF/salida_p03_7
../GA ../Data/DataFiles/p03 238 0.7046736723496672 0.47335203662904646 0.782729544448682 2 1.9978860410935166 95.31995565028426 3.385031323667713 0.7671585038885911 0.4156055362125059 0.31792810389931314 0.0812344678319784 953 477 > logs_RF/salida_p03_8
../GA ../Data/DataFiles/p03 346 0.7046736723496672 0.47335203662904646 0.782729544448682 2 1.9978860410935166 95.31995565028426 3.385031323667713 0.7671585038885911 0.4156055362125059 0.31792810389931314 0.0812344678319784 953 477 > logs_RF/salida_p03_9
../GA ../Data/DataFiles/p04 541 0.8973888419984217 0.8098571000617129 0.5981992534155818 4 2.343652051117357 92.48619928742158 1.636638444404857 0.8081661980982929 0.44679636500791353 0.5679207160815055 0.12180103270958093 403 249 > logs_RF/salida_p04_0
../GA ../Data/DataFiles/p04 774 0.8973888419984217 0.8098571000617129 0.5981992534155818 4 2.343652051117357 92.48619928742158 1.636638444404857 0.8081661980982929 0.44679636500791353 0.5679207160815055 0.12180103270958093 403 249 > logs_RF/salida_p04_1
../GA ../Data/DataFiles/p04 270 0.8973888419984217 0.8098571000617129 0.5981992534155818 4 2.343652051117357 92.48619928742158 1.636638444404857 0.8081661980982929 0.44679636500791353 0.5679207160815055 0.12180103270958093 403 249 > logs_RF/salida_p04_2
../GA ../Data/DataFiles/p04 536 0.8973888419984217 0.8098571000617129 0.5981992534155818 4 2.343652051117357 92.48619928742158 1.636638444404857 0.8081661980982929 0.44679636500791353 0.5679207160815055 0.12180103270958093 403 249 > logs_RF/salida_p04_3
../GA ../Data/DataFiles/p04 629 0.8973888419984217 0.8098571000617129 0.5981992534155818 4 2.343652051117357 92.48619928742158 1.636638444404857 0.8081661980982929 0.44679636500791353 0.5679207160815055 0.12180103270958093 403 249 > logs_RF/salida_p04_4
../GA ../Data/DataFiles/p04 214 0.8973888419984217 0.8098571000617129 0.5981992534155818 4 2.343652051117357 92.48619928742158 1.636638444404857 0.8081661980982929 0.44679636500791353 0.5679207160815055 0.12180103270958093 403 249 > logs_RF/salida_p04_5
../GA ../Data/DataFiles/p04 519 0.8973888419984217 0.8098571000617129 0.5981992534155818 4 2.343652051117357 92.48619928742158 1.636638444404857 0.8081661980982929 0.44679636500791353 0.5679207160815055 0.12180103270958093 403 249 > logs_RF/salida_p04_6
../GA ../Data/DataFiles/p04 848 0.8973888419984217 0.8098571000617129 0.5981992534155818 4 2.343652051117357 92.48619928742158 1.636638444404857 0.8081661980982929 0.44679636500791353 0.5679207160815055 0.12180103270958093 403 249 > logs_RF/salida_p04_7
../GA ../Data/DataFiles/p04 383 0.8973888419984217 0.8098571000617129 0.5981992534155818 4 2.343652051117357 92.48619928742158 1.636638444404857 0.8081661980982929 0.44679636500791353 0.5679207160815055 0.12180103270958093 403 249 > logs_RF/salida_p04_8
../GA ../Data/DataFiles/p04 301 0.8973888419984217 0.8098571000617129 0.5981992534155818 4 2.343652051117357 92.48619928742158 1.636638444404857 0.8081661980982929 0.44679636500791353 0.5679207160815055 0.12180103270958093 403 249 > logs_RF/salida_p04_9
../GA ../Data/DataFiles/p05 898 0.8812506474425652 0.6032662044100185 0.5709715842020768 4 2.3013603800459883 96.50219444076555 1.4270030203248065 0.7774991351927072 0.4950774962260021 0.6262439240207954 0.1201502104816704 369 271 > logs_RF/salida_p05_0
../GA ../Data/DataFiles/p05 782 0.8812506474425652 0.6032662044100185 0.5709715842020768 4 2.3013603800459883 96.50219444076555 1.4270030203248065 0.7774991351927072 0.4950774962260021 0.6262439240207954 0.1201502104816704 369 271 > logs_RF/salida_p05_1
../GA ../Data/DataFiles/p05 944 0.8812506474425652 0.6032662044100185 0.5709715842020768 4 2.3013603800459883 96.50219444076555 1.4270030203248065 0.7774991351927072 0.4950774962260021 0.6262439240207954 0.1201502104816704 369 271 > logs_RF/salida_p05_2
../GA ../Data/DataFiles/p05 283 0.8812506474425652 0.6032662044100185 0.5709715842020768 4 2.3013603800459883 96.50219444076555 1.4270030203248065 0.7774991351927072 0.4950774962260021 0.6262439240207954 0.1201502104816704 369 271 > logs_RF/salida_p05_3
../GA ../Data/DataFiles/p05 39 0.8812506474425652 0.6032662044100185 0.5709715842020768 4 2.3013603800459883 96.50219444076555 1.4270030203248065 0.7774991351927072 0.4950774962260021 0.6262439240207954 0.1201502104816704 369 271 > logs_RF/salida_p05_4
../GA ../Data/DataFiles/p05 126 0.8812506474425652 0.6032662044100185 0.5709715842020768 4 2.3013603800459883 96.50219444076555 1.4270030203248065 0.7774991351927072 0.4950774962260021 0.6262439240207954 0.1201502104816704 369 271 > logs_RF/salida_p05_5
../GA ../Data/DataFiles/p05 54 0.8812506474425652 0.6032662044100185 0.5709715842020768 4 2.3013603800459883 96.50219444076555 1.4270030203248065 0.7774991351927072 0.4950774962260021 0.6262439240207954 0.1201502104816704 369 271 > logs_RF/salida_p05_6
../GA ../Data/DataFiles/p05 975 0.8812506474425652 0.6032662044100185 0.5709715842020768 4 2.3013603800459883 96.50219444076555 1.4270030203248065 0.7774991351927072 0.4950774962260021 0.6262439240207954 0.1201502104816704 369 271 > logs_RF/salida_p05_7
../GA ../Data/DataFiles/p05 286 0.8812506474425652 0.6032662044100185 0.5709715842020768 4 2.3013603800459883 96.50219444076555 1.4270030203248065 0.7774991351927072 0.4950774962260021 0.6262439240207954 0.1201502104816704 369 271 > logs_RF/salida_p05_8
../GA ../Data/DataFiles/p05 973 0.8812506474425652 0.6032662044100185 0.5709715842020768 4 2.3013603800459883 96.50219444076555 1.4270030203248065 0.7774991351927072 0.4950774962260021 0.6262439240207954 0.1201502104816704 369 271 > logs_RF/salida_p05_9
../GA ../Data/DataFiles/p06 618 0.901579401948523 0.8651206489554846 0.5543002019744366 4 2.430763896713572 100.22076000848018 1.218519118369927 0.8076809023307707 0.48290910441567214 0.5913323828047793 0.12385350386490983 448 224 > logs_RF/salida_p06_0
../GA ../Data/DataFiles/p06 755 0.901579401948523 0.8651206489554846 0.5543002019744366 4 2.430763896713572 100.22076000848018 1.218519118369927 0.8076809023307707 0.48290910441567214 0.5913323828047793 0.12385350386490983 448 224 > logs_RF/salida_p06_1
../GA ../Data/DataFiles/p06 480 0.901579401948523 0.8651206489554846 0.5543002019744366 4 2.430763896713572 100.22076000848018 1.218519118369927 0.8076809023307707 0.48290910441567214 0.5913323828047793 0.12385350386490983 448 224 > logs_RF/salida_p06_2
../GA ../Data/DataFiles/p06 234 0.901579401948523 0.8651206489554846 0.5543002019744366 4 2.430763896713572 100.22076000848018 1.218519118369927 0.8076809023307707 0.48290910441567214 0.5913323828047793 0.12385350386490983 448 224 > logs_RF/salida_p06_3
../GA ../Data/DataFiles/p06 613 0.901579401948523 0.8651206489554846 0.5543002019744366 4 2.430763896713572 100.22076000848018 1.218519118369927 0.8076809023307707 0.48290910441567214 0.5913323828047793 0.12385350386490983 448 224 > logs_RF/salida_p06_4
../GA ../Data/DataFiles/p06 619 0.901579401948523 0.8651206489554846 0.5543002019744366 4 2.430763896713572 100.22076000848018 1.218519118369927 0.8076809023307707 0.48290910441567214 0.5913323828047793 0.12385350386490983 448 224 > logs_RF/salida_p06_5
../GA ../Data/DataFiles/p06 36 0.901579401948523 0.8651206489554846 0.5543002019744366 4 2.430763896713572 100.22076000848018 1.218519118369927 0.8076809023307707 0.48290910441567214 0.5913323828047793 0.12385350386490983 448 224 > logs_RF/salida_p06_6
../GA ../Data/DataFiles/p06 755 0.901579401948523 0.8651206489554846 0.5543002019744366 4 2.430763896713572 100.22076000848018 1.218519118369927 0.8076809023307707 0.48290910441567214 0.5913323828047793 0.12385350386490983 448 224 > logs_RF/salida_p06_7
../GA ../Data/DataFiles/p06 861 0.901579401948523 0.8651206489554846 0.5543002019744366 4 2.430763896713572 100.22076000848018 1.218519118369927 0.8076809023307707 0.48290910441567214 0.5913323828047793 0.12385350386490983 448 224 > logs_RF/salida_p06_8
../GA ../Data/DataFiles/p06 65 0.901579401948523 0.8651206489554846 0.5543002019744366 4 2.430763896713572 100.22076000848018 1.218519118369927 0.8076809023307707 0.48290910441567214 0.5913323828047793 0.12385350386490983 448 224 > logs_RF/salida_p06_9
../GA ../Data/DataFiles/p07 823 0.8929603886207502 0.8149649757453825 0.6664998923347559 4 2.2580112624710713 97.05792236616668 1.5598263494131328 0.8102029404455939 0.45760984324380366 0.5663035003448527 0.12101848229173405 405 247 > logs_RF/salida_p07_0
../GA ../Data/DataFiles/p07 798 0.8929603886207502 0.8149649757453825 0.6664998923347559 4 2.2580112624710713 97.05792236616668 1.5598263494131328 0.8102029404455939 0.45760984324380366 0.5663035003448527 0.12101848229173405 405 247 > logs_RF/salida_p07_1
../GA ../Data/DataFiles/p07 516 0.8929603886207502 0.8149649757453825 0.6664998923347559 4 2.2580112624710713 97.05792236616668 1.5598263494131328 0.8102029404455939 0.45760984324380366 0.5663035003448527 0.12101848229173405 405 247 > logs_RF/salida_p07_2
../GA ../Data/DataFiles/p07 970 0.8929603886207502 0.8149649757453825 0.6664998923347559 4 2.2580112624710713 97.05792236616668 1.5598263494131328 0.8102029404455939 0.45760984324380366 0.5663035003448527 0.12101848229173405 405 247 > logs_RF/salida_p07_3
../GA ../Data/DataFiles/p07 376 0.8929603886207502 0.8149649757453825 0.6664998923347559 4 2.2580112624710713 97.05792236616668 1.5598263494131328 0.8102029404455939 0.45760984324380366 0.5663035003448527 0.12101848229173405 405 247 > logs_RF/salida_p07_4
../GA ../Data/DataFiles/p07 533 0.8929603886207502 0.8149649757453825 0.6664998923347559 4 2.2580112624710713 97.05792236616668 1.5598263494131328 0.8102029404455939 0.45760984324380366 0.5663035003448527 0.12101848229173405 405 247 > logs_RF/salida_p07_5
../GA ../Data/DataFiles/p07 195 0.8929603886207502 0.8149649757453825 0.6664998923347559 4 2.2580112624710713 97.05792236616668 1.5598263494131328 0.8102029404455939 0.45760984324380366 0.5663035003448527 0.12101848229173405 405 247 > logs_RF/salida_p07_6
../GA ../Data/DataFiles/p07 380 0.8929603886207502 0.8149649757453825 0.6664998923347559 4 2.2580112624710713 97.05792236616668 1.5598263494131328 0.8102029404455939 0.45760984324380366 0.5663035003448527 0.12101848229173405 405 247 > logs_RF/salida_p07_7
../GA ../Data/DataFiles/p07 507 0.8929603886207502 0.8149649757453825 0.6664998923347559 4 2.2580112624710713 97.05792236616668 1.5598263494131328 0.8102029404455939 0.45760984324380366 0.5663035003448527 0.12101848229173405 405 247 > logs_RF/salida_p07_8
../GA ../Data/DataFiles/p07 11 0.8929603886207502 0.8149649757453825 0.6664998923347559 4 2.2580112624710713 97.05792236616668 1.5598263494131328 0.8102029404455939 0.45760984324380366 0.5663035003448527 0.12101848229173405 405 247 > logs_RF/salida_p07_9
../GA ../Data/DataFiles/p08 342 0.9544610538319634 0.3280253188555058 0.33074551904234983 14 2.0439520187532074 94.31157807910577 0.2296794965608141 0.805869126302488 0.4531676034714402 0.5113101093631585 0.08051425390709896 318 315 > logs_RF/salida_p08_0
../GA ../Data/DataFiles/p08 584 0.9544610538319634 0.3280253188555058 0.33074551904234983 14 2.0439520187532074 94.31157807910577 0.2296794965608141 0.805869126302488 0.4531676034714402 0.5113101093631585 0.08051425390709896 318 315 > logs_RF/salida_p08_1
../GA ../Data/DataFiles/p08 612 0.9544610538319634 0.3280253188555058 0.33074551904234983 14 2.0439520187532074 94.31157807910577 0.2296794965608141 0.805869126302488 0.4531676034714402 0.5113101093631585 0.08051425390709896 318 315 > logs_RF/salida_p08_2
../GA ../Data/DataFiles/p08 970 0.9544610538319634 0.3280253188555058 0.33074551904234983 14 2.0439520187532074 94.31157807910577 0.2296794965608141 0.805869126302488 0.4531676034714402 0.5113101093631585 0.08051425390709896 318 315 > logs_RF/salida_p08_3
../GA ../Data/DataFiles/p08 517 0.9544610538319634 0.3280253188555058 0.33074551904234983 14 2.0439520187532074 94.31157807910577 0.2296794965608141 0.805869126302488 0.4531676034714402 0.5113101093631585 0.08051425390709896 318 315 > logs_RF/salida_p08_4
../GA ../Data/DataFiles/p08 783 0.9544610538319634 0.3280253188555058 0.33074551904234983 14 2.0439520187532074 94.31157807910577 0.2296794965608141 0.805869126302488 0.4531676034714402 0.5113101093631585 0.08051425390709896 318 315 > logs_RF/salida_p08_5
../GA ../Data/DataFiles/p08 102 0.9544610538319634 0.3280253188555058 0.33074551904234983 14 2.0439520187532074 94.31157807910577 0.2296794965608141 0.805869126302488 0.4531676034714402 0.5113101093631585 0.08051425390709896 318 315 > logs_RF/salida_p08_6
../GA ../Data/DataFiles/p08 686 0.9544610538319634 0.3280253188555058 0.33074551904234983 14 2.0439520187532074 94.31157807910577 0.2296794965608141 0.805869126302488 0.4531676034714402 0.5113101093631585 0.08051425390709896 318 315 > logs_RF/salida_p08_7
../GA ../Data/DataFiles/p08 193 0.9544610538319634 0.3280253188555058 0.33074551904234983 14 2.0439520187532074 94.31157807910577 0.2296794965608141 0.805869126302488 0.4531676034714402 0.5113101093631585 0.08051425390709896 318 315 > logs_RF/salida_p08_8
../GA ../Data/DataFiles/p08 580 0.9544610538319634 0.3280253188555058 0.33074551904234983 14 2.0439520187532074 94.31157807910577 0.2296794965608141 0.805869126302488 0.4531676034714402 0.5113101093631585 0.08051425390709896 318 315 > logs_RF/salida_p08_9
../GA ../Data/DataFiles/p09 617 0.9568632723463054 0.4542237447945366 0.6091429206510147 10 1.8645649501455415 106.39821616799304 0.2729198848206197 0.8196557328576024 0.47166401699541355 0.4976136475828554 0.08928035637436614 636 318 > logs_RF/salida_p09_0
../GA ../Data/DataFiles/p09 305 0.9568632723463054 0.4542237447945366 0.6091429206510147 10 1.8645649501455415 106.39821616799304 0.2729198848206197 0.8196557328576024 0.47166401699541355 0.4976136475828554 0.08928035637436614 636 318 > logs_RF/salida_p09_1
../GA ../Data/DataFiles/p09 133 0.9568632723463054 0.4542237447945366 0.6091429206510147 10 1.8645649501455415 106.39821616799304 0.2729198848206197 0.8196557328576024 0.47166401699541355 0.4976136475828554 0.08928035637436614 636 318 > logs_RF/salida_p09_2
../GA ../Data/DataFiles/p09 213 0.9568632723463054 0.4542237447945366 0.6091429206510147 10 1.8645649501455415 106.39821616799304 0.2729198848206197 0.8196557328576024 0.47166401699541355 0.4976136475828554 0.08928035637436614 636 318 > logs_RF/salida_p09_3
../GA ../Data/DataFiles/p09 319 0.9568632723463054 0.4542237447945366 0.6091429206510147 10 1.8645649501455415 106.39821616799304 0.2729198848206197 0.8196557328576024 0.47166401699541355 0.4976136475828554 0.08928035637436614 636 318 > logs_RF/salida_p09_4
../GA ../Data/DataFiles/p09 57 0.9568632723463054 0.4542237447945366 0.6091429206510147 10 1.8645649501455415 106.39821616799304 0.2729198848206197 0.8196557328576024 0.47166401699541355 0.4976136475828554 0.08928035637436614 636 318 > logs_RF/salida_p09_5
../GA ../Data/DataFiles/p09 646 0.9568632723463054 0.4542237447945366 0.6091429206510147 10 1.8645649501455415 106.39821616799304 0.2729198848206197 0.8196557328576024 0.47166401699541355 0.4976136475828554 0.08928035637436614 636 318 > logs_RF/salida_p09_6
../GA ../Data/DataFiles/p09 487 0.9568632723463054 0.4542237447945366 0.6091429206510147 10 1.8645649501455415 106.39821616799304 0.2729198848206197 0.8196557328576024 0.47166401699541355 0.4976136475828554 0.08928035637436614 636 318 > logs_RF/salida_p09_7
../GA ../Data/DataFiles/p09 745 0.9568632723463054 0.4542237447945366 0.6091429206510147 10 1.8645649501455415 106.39821616799304 0.2729198848206197 0.8196557328576024 0.47166401699541355 0.4976136475828554 0.08928035637436614 636 318 > logs_RF/salida_p09_8
../GA ../Data/DataFiles/p09 827 0.9568632723463054 0.4542237447945366 0.6091429206510147 10 1.8645649501455415 106.39821616799304 0.2729198848206197 0.8196557328576024 0.47166401699541355 0.4976136475828554 0.08928035637436614 636 318 > logs_RF/salida_p09_9
../GA ../Data/DataFiles/p10 795 0.9496397127880041 0.4709030670538561 0.6149713681104846 11 1.8108814759905536 99.07917345837743 0.3599924955750145 0.8092098128140414 0.4689537240244023 0.4896327227260618 0.09152400740127868 752 376 > logs_RF/salida_p10_0
../GA ../Data/DataFiles/p10 723 0.9496397127880041 0.4709030670538561 0.6149713681104846 11 1.8108814759905536 99.07917345837743 0.3599924955750145 0.8092098128140414 0.4689537240244023 0.4896327227260618 0.09152400740127868 752 376 > logs_RF/salida_p10_1
../GA ../Data/DataFiles/p10 284 0.9496397127880041 0.4709030670538561 0.6149713681104846 11 1.8108814759905536 99.07917345837743 0.3599924955750145 0.8092098128140414 0.4689537240244023 0.4896327227260618 0.09152400740127868 752 376 > logs_RF/salida_p10_2
../GA ../Data/DataFiles/p10 765 0.9496397127880041 0.4709030670538561 0.6149713681104846 11 1.8108814759905536 99.07917345837743 0.3599924955750145 0.8092098128140414 0.4689537240244023 0.4896327227260618 0.09152400740127868 752 376 > logs_RF/salida_p10_3
../GA ../Data/DataFiles/p10 156 0.9496397127880041 0.4709030670538561 0.6149713681104846 11 1.8108814759905536 99.07917345837743 0.3599924955750145 0.8092098128140414 0.4689537240244023 0.4896327227260618 0.09152400740127868 752 376 > logs_RF/salida_p10_4
../GA ../Data/DataFiles/p10 366 0.9496397127880041 0.4709030670538561 0.6149713681104846 11 1.8108814759905536 99.07917345837743 0.3599924955750145 0.8092098128140414 0.4689537240244023 0.4896327227260618 0.09152400740127868 752 376 > logs_RF/salida_p10_5
../GA ../Data/DataFiles/p10 784 0.9496397127880041 0.4709030670538561 0.6149713681104846 11 1.8108814759905536 99.07917345837743 0.3599924955750145 0.8092098128140414 0.4689537240244023 0.4896327227260618 0.09152400740127868 752 376 > logs_RF/salida_p10_6
../GA ../Data/DataFiles/p10 514 0.9496397127880041 0.4709030670538561 0.6149713681104846 11 1.8108814759905536 99.07917345837743 0.3599924955750145 0.8092098128140414 0.4689537240244023 0.4896327227260618 0.09152400740127868 752 376 > logs_RF/salida_p10_7
../GA ../Data/DataFiles/p10 124 0.9496397127880041 0.4709030670538561 0.6149713681104846 11 1.8108814759905536 99.07917345837743 0.3599924955750145 0.8092098128140414 0.4689537240244023 0.4896327227260618 0.09152400740127868 752 376 > logs_RF/salida_p10_8
../GA ../Data/DataFiles/p10 609 0.9496397127880041 0.4709030670538561 0.6149713681104846 11 1.8108814759905536 99.07917345837743 0.3599924955750145 0.8092098128140414 0.4689537240244023 0.4896327227260618 0.09152400740127868 752 376 > logs_RF/salida_p10_9
../GA ../Data/DataFiles/p11 967 0.938321779666172 0.5052986890867267 0.7864432468219936 7 1.6419434540019442 111.13231795094065 0.20287847957157643 0.8220792449164543 0.46849312181974206 0.4715617386158834 0.08874195931822097 664 332 > logs_RF/salida_p11_0
../GA ../Data/DataFiles/p11 238 0.938321779666172 0.5052986890867267 0.7864432468219936 7 1.6419434540019442 111.13231795094065 0.20287847957157643 0.8220792449164543 0.46849312181974206 0.4715617386158834 0.08874195931822097 664 332 > logs_RF/salida_p11_1
../GA ../Data/DataFiles/p11 338 0.938321779666172 0.5052986890867267 0.7864432468219936 7 1.6419434540019442 111.13231795094065 0.20287847957157643 0.8220792449164543 0.46849312181974206 0.4715617386158834 0.08874195931822097 664 332 > logs_RF/salida_p11_2
../GA ../Data/DataFiles/p11 280 0.938321779666172 0.5052986890867267 0.7864432468219936 7 1.6419434540019442 111.13231795094065 0.20287847957157643 0.8220792449164543 0.46849312181974206 0.4715617386158834 0.08874195931822097 664 332 > logs_RF/salida_p11_3
../GA ../Data/DataFiles/p11 164 0.938321779666172 0.5052986890867267 0.7864432468219936 7 1.6419434540019442 111.13231795094065 0.20287847957157643 0.8220792449164543 0.46849312181974206 0.4715617386158834 0.08874195931822097 664 332 > logs_RF/salida_p11_4
../GA ../Data/DataFiles/p11 303 0.938321779666172 0.5052986890867267 0.7864432468219936 7 1.6419434540019442 111.13231795094065 0.20287847957157643 0.8220792449164543 0.46849312181974206 0.4715617386158834 0.08874195931822097 664 332 > logs_RF/salida_p11_5
../GA ../Data/DataFiles/p11 39 0.938321779666172 0.5052986890867267 0.7864432468219936 7 1.6419434540019442 111.13231795094065 0.20287847957157643 0.8220792449164543 0.46849312181974206 0.4715617386158834 0.08874195931822097 664 332 > logs_RF/salida_p11_6
../GA ../Data/DataFiles/p11 635 0.938321779666172 0.5052986890867267 0.7864432468219936 7 1.6419434540019442 111.13231795094065 0.20287847957157643 0.8220792449164543 0.46849312181974206 0.4715617386158834 0.08874195931822097 664 332 > logs_RF/salida_p11_7
../GA ../Data/DataFiles/p11 126 0.938321779666172 0.5052986890867267 0.7864432468219936 7 1.6419434540019442 111.13231795094065 0.20287847957157643 0.8220792449164543 0.46849312181974206 0.4715617386158834 0.08874195931822097 664 332 > logs_RF/salida_p11_8
../GA ../Data/DataFiles/p11 177 0.938321779666172 0.5052986890867267 0.7864432468219936 7 1.6419434540019442 111.13231795094065 0.20287847957157643 0.8220792449164543 0.46849312181974206 0.4715617386158834 0.08874195931822097 664 332 > logs_RF/salida_p11_9
../GA ../Data/DataFiles/p12 835 0.8349501513099122 0.5632086651617455 0.46675728860524984 5 1.99449860983885 56.37943399704795 1.7686703510702875 0.7786793277939336 0.4493842115026866 0.560261356368868 0.10979120850153094 1573 786 > logs_RF/salida_p12_0
../GA ../Data/DataFiles/p12 745 0.8349501513099122 0.5632086651617455 0.46675728860524984 5 1.99449860983885 56.37943399704795 1.7686703510702875 0.7786793277939336 0.4493842115026866 0.560261356368868 0.10979120850153094 1573 786 > logs_RF/salida_p12_1
../GA ../Data/DataFiles/p12 523 0.8349501513099122 0.5632086651617455 0.46675728860524984 5 1.99449860983885 56.37943399704795 1.7686703510702875 0.7786793277939336 0.4493842115026866 0.560261356368868 0.10979120850153094 1573 786 > logs_RF/salida_p12_2
../GA ../Data/DataFiles/p12 695 0.8349501513099122 0.5632086651617455 0.46675728860524984 5 1.99449860983885 56.37943399704795 1.7686703510702875 0.7786793277939336 0.4493842115026866 0.560261356368868 0.10979120850153094 1573 786 > logs_RF/salida_p12_3
../GA ../Data/DataFiles/p12 576 0.8349501513099122 0.5632086651617455 0.46675728860524984 5 1.99449860983885 56.37943399704795 1.7686703510702875 0.7786793277939336 0.4493842115026866 0.560261356368868 0.10979120850153094 1573 786 > logs_RF/salida_p12_4
../GA ../Data/DataFiles/p12 238 0.8349501513099122 0.5632086651617455 0.46675728860524984 5 1.99449860983885 56.37943399704795 1.7686703510702875 0.7786793277939336 0.4493842115026866 0.560261356368868 0.10979120850153094 1573 786 > logs_RF/salida_p12_5
../GA ../Data/DataFiles/p12 775 0.8349501513099122 0.5632086651617455 0.46675728860524984 5 1.99449860983885 56.37943399704795 1.7686703510702875 0.7786793277939336 0.4493842115026866 0.560261356368868 0.10979120850153094 1573 786 > logs_RF/salida_p12_6
../GA ../Data/DataFiles/p12 979 0.8349501513099122 0.5632086651617455 0.46675728860524984 5 1.99449860983885 56.37943399704795 1.7686703510702875 0.7786793277939336 0.4493842115026866 0.560261356368868 0.10979120850153094 1573 786 > logs_RF/salida_p12_7
../GA ../Data/DataFiles/p12 420 0.8349501513099122 0.5632086651617455 0.46675728860524984 5 1.99449860983885 56.37943399704795 1.7686703510702875 0.7786793277939336 0.4493842115026866 0.560261356368868 0.10979120850153094 1573 786 > logs_RF/salida_p12_8
../GA ../Data/DataFiles/p12 532 0.8349501513099122 0.5632086651617455 0.46675728860524984 5 1.99449860983885 56.37943399704795 1.7686703510702875 0.7786793277939336 0.4493842115026866 0.560261356368868 0.10979120850153094 1573 786 > logs_RF/salida_p12_9
../GA ../Data/DataFiles/p13 359 0.8349501513099122 0.5632086651617455 0.46675728860524984 5 1.99449860983885 56.37943399704795 1.7686703510702875 0.7786793277939336 0.4493842115026866 0.560261356368868 0.10979120850153094 1573 786 > logs_RF/salida_p13_0
../GA ../Data/DataFiles/p13 90 0.8349501513099122 0.5632086651617455 0.46675728860524984 5 1.99449860983885 56.37943399704795 1.7686703510702875 0.7786793277939336 0.4493842115026866 0.560261356368868 0.10979120850153094 1573 786 > logs_RF/salida_p13_1
../GA ../Data/DataFiles/p13 845 0.8349501513099122 0.5632086651617455 0.46675728860524984 5 1.99449860983885 56.37943399704795 1.7686703510702875 0.7786793277939336 0.4493842115026866 0.560261356368868 0.10979120850153094 1573 786 > logs_RF/salida_p13_2
../GA ../Data/DataFiles/p13 748 0.8349501513099122 0.5632086651617455 0.46675728860524984 5 1.99449860983885 56.37943399704795 1.7686703510702875 0.7786793277939336 0.4493842115026866 0.560261356368868 0.10979120850153094 1573 786 > logs_RF/salida_p13_3
../GA ../Data/DataFiles/p13 600 0.8349501513099122 0.5632086651617455 0.46675728860524984 5 1.99449860983885 56.37943399704795 1.7686703510702875 0.7786793277939336 0.4493842115026866 0.560261356368868 0.10979120850153094 1573 786 > logs_RF/salida_p13_4
../GA ../Data/DataFiles/p13 566 0.8349501513099122 0.5632086651617455 0.46675728860524984 5 1.99449860983885 56.37943399704795 1.7686703510702875 0.7786793277939336 0.4493842115026866 0.560261356368868 0.10979120850153094 1573 786 > logs_RF/salida_p13_5
../GA ../Data/DataFiles/p13 349 0.8349501513099122 0.5632086651617455 0.46675728860524984 5 1.99449860983885 56.37943399704795 1.7686703510702875 0.7786793277939336 0.4493842115026866 0.560261356368868 0.10979120850153094 1573 786 > logs_RF/salida_p13_6
../GA ../Data/DataFiles/p13 21 0.8349501513099122 0.5632086651617455 0.46675728860524984 5 1.99449860983885 56.37943399704795 1.7686703510702875 0.7786793277939336 0.4493842115026866 0.560261356368868 0.10979120850153094 1573 786 > logs_RF/salida_p13_7
../GA ../Data/DataFiles/p13 129 0.8349501513099122 0.5632086651617455 0.46675728860524984 5 1.99449860983885 56.37943399704795 1.7686703510702875 0.7786793277939336 0.4493842115026866 0.560261356368868 0.10979120850153094 1573 786 > logs_RF/salida_p13_8
../GA ../Data/DataFiles/p13 748 0.8349501513099122 0.5632086651617455 0.46675728860524984 5 1.99449860983885 56.37943399704795 1.7686703510702875 0.7786793277939336 0.4493842115026866 0.560261356368868 0.10979120850153094 1573 786 > logs_RF/salida_p13_9
../GA ../Data/DataFiles/p14 278 0.8349501513099122 0.5632086651617455 0.46675728860524984 5 1.99449860983885 56.37943399704795 1.7686703510702875 0.7786793277939336 0.4493842115026866 0.560261356368868 0.10979120850153094 1573 786 > logs_RF/salida_p14_0
../GA ../Data/DataFiles/p14 377 0.8349501513099122 0.5632086651617455 0.46675728860524984 5 1.99449860983885 56.37943399704795 1.7686703510702875 0.7786793277939336 0.4493842115026866 0.560261356368868 0.10979120850153094 1573 786 > logs_RF/salida_p14_1
../GA ../Data/DataFiles/p14 893 0.8349501513099122 0.5632086651617455 0.46675728860524984 5 1.99449860983885 56.37943399704795 1.7686703510702875 0.7786793277939336 0.4493842115026866 0.560261356368868 0.10979120850153094 1573 786 > logs_RF/salida_p14_2
../GA ../Data/DataFiles/p14 368 0.8349501513099122 0.5632086651617455 0.46675728860524984 5 1.99449860983885 56.37943399704795 1.7686703510702875 0.7786793277939336 0.4493842115026866 0.560261356368868 0.10979120850153094 1573 786 > logs_RF/salida_p14_3
../GA ../Data/DataFiles/p14 928 0.8349501513099122 0.5632086651617455 0.46675728860524984 5 1.99449860983885 56.37943399704795 1.7686703510702875 0.7786793277939336 0.4493842115026866 0.560261356368868 0.10979120850153094 1573 786 > logs_RF/salida_p14_4
../GA ../Data/DataFiles/p14 271 0.8349501513099122 0.5632086651617455 0.46675728860524984 5 1.99449860983885 56.37943399704795 1.7686703510702875 0.7786793277939336 0.4493842115026866 0.560261356368868 0.10979120850153094 1573 786 > logs_RF/salida_p14_5
../GA ../Data/DataFiles/p14 708 0.8349501513099122 0.5632086651617455 0.46675728860524984 5 1.99449860983885 56.37943399704795 1.7686703510702875 0.7786793277939336 0.4493842115026866 0.560261356368868 0.10979120850153094 1573 786 > logs_RF/salida_p14_6
../GA ../Data/DataFiles/p14 212 0.8349501513099122 0.5632086651617455 0.46675728860524984 5 1.99449860983885 56.37943399704795 1.7686703510702875 0.7786793277939336 0.4493842115026866 0.560261356368868 0.10979120850153094 1573 786 > logs_RF/salida_p14_7
../GA ../Data/DataFiles/p14 956 0.8349501513099122 0.5632086651617455 0.46675728860524984 5 1.99449860983885 56.37943399704795 1.7686703510702875 0.7786793277939336 0.4493842115026866 0.560261356368868 0.10979120850153094 1573 786 > logs_RF/salida_p14_8
../GA ../Data/DataFiles/p14 853 0.8349501513099122 0.5632086651617455 0.46675728860524984 5 1.99449860983885 56.37943399704795 1.7686703510702875 0.7786793277939336 0.4493842115026866 0.560261356368868 0.10979120850153094 1573 786 > logs_RF/salida_p14_9
../GA ../Data/DataFiles/p15 544 0.9464450227350584 0.49919396704277597 0.5115228605119783 6 1.4319125972105906 95.2357778061443 0.6381464337280637 0.8191952174523071 0.5628003802492975 0.5643271436881465 0.07126332212761825 415 241 > logs_RF/salida_p15_0
../GA ../Data/DataFiles/p15 520 0.9464450227350584 0.49919396704277597 0.5115228605119783 6 1.4319125972105906 95.2357778061443 0.6381464337280637 0.8191952174523071 0.5628003802492975 0.5643271436881465 0.07126332212761825 415 241 > logs_RF/salida_p15_1
../GA ../Data/DataFiles/p15 784 0.9464450227350584 0.49919396704277597 0.5115228605119783 6 1.4319125972105906 95.2357778061443 0.6381464337280637 0.8191952174523071 0.5628003802492975 0.5643271436881465 0.07126332212761825 415 241 > logs_RF/salida_p15_2
../GA ../Data/DataFiles/p15 465 0.9464450227350584 0.49919396704277597 0.5115228605119783 6 1.4319125972105906 95.2357778061443 0.6381464337280637 0.8191952174523071 0.5628003802492975 0.5643271436881465 0.07126332212761825 415 241 > logs_RF/salida_p15_3
../GA ../Data/DataFiles/p15 636 0.9464450227350584 0.49919396704277597 0.5115228605119783 6 1.4319125972105906 95.2357778061443 0.6381464337280637 0.8191952174523071 0.5628003802492975 0.5643271436881465 0.07126332212761825 415 241 > logs_RF/salida_p15_4
../GA ../Data/DataFiles/p15 640 0.9464450227350584 0.49919396704277597 0.5115228605119783 6 1.4319125972105906 95.2357778061443 0.6381464337280637 0.8191952174523071 0.5628003802492975 0.5643271436881465 0.07126332212761825 415 241 > logs_RF/salida_p15_5
../GA ../Data/DataFiles/p15 437 0.9464450227350584 0.49919396704277597 0.5115228605119783 6 1.4319125972105906 95.2357778061443 0.6381464337280637 0.8191952174523071 0.5628003802492975 0.5643271436881465 0.07126332212761825 415 241 > logs_RF/salida_p15_6
../GA ../Data/DataFiles/p15 63 0.9464450227350584 0.49919396704277597 0.5115228605119783 6 1.4319125972105906 95.2357778061443 0.6381464337280637 0.8191952174523071 0.5628003802492975 0.5643271436881465 0.07126332212761825 415 241 > logs_RF/salida_p15_7
../GA ../Data/DataFiles/p15 181 0.9464450227350584 0.49919396704277597 0.5115228605119783 6 1.4319125972105906 95.2357778061443 0.6381464337280637 0.8191952174523071 0.5628003802492975 0.5643271436881465 0.07126332212761825 415 241 > logs_RF/salida_p15_8
../GA ../Data/DataFiles/p15 374 0.9464450227350584 0.49919396704277597 0.5115228605119783 6 1.4319125972105906 95.2357778061443 0.6381464337280637 0.8191952174523071 0.5628003802492975 0.5643271436881465 0.07126332212761825 415 241 > logs_RF/salida_p15_9
../GA ../Data/DataFiles/p16 516 0.9464450227350584 0.49919396704277597 0.5115228605119783 6 1.4319125972105906 95.2357778061443 0.6381464337280637 0.8191952174523071 0.5628003802492975 0.5643271436881465 0.07126332212761825 415 241 > logs_RF/salida_p16_0
../GA ../Data/DataFiles/p16 472 0.9464450227350584 0.49919396704277597 0.5115228605119783 6 1.4319125972105906 95.2357778061443 0.6381464337280637 0.8191952174523071 0.5628003802492975 0.5643271436881465 0.07126332212761825 415 241 > logs_RF/salida_p16_1
../GA ../Data/DataFiles/p16 596 0.9464450227350584 0.49919396704277597 0.5115228605119783 6 1.4319125972105906 95.2357778061443 0.6381464337280637 0.8191952174523071 0.5628003802492975 0.5643271436881465 0.07126332212761825 415 241 > logs_RF/salida_p16_2
../GA ../Data/DataFiles/p16 405 0.9464450227350584 0.49919396704277597 0.5115228605119783 6 1.4319125972105906 95.2357778061443 0.6381464337280637 0.8191952174523071 0.5628003802492975 0.5643271436881465 0.07126332212761825 415 241 > logs_RF/salida_p16_3
../GA ../Data/DataFiles/p16 786 0.9464450227350584 0.49919396704277597 0.5115228605119783 6 1.4319125972105906 95.2357778061443 0.6381464337280637 0.8191952174523071 0.5628003802492975 0.5643271436881465 0.07126332212761825 415 241 > logs_RF/salida_p16_4
../GA ../Data/DataFiles/p16 460 0.9464450227350584 0.49919396704277597 0.5115228605119783 6 1.4319125972105906 95.2357778061443 0.6381464337280637 0.8191952174523071 0.5628003802492975 0.5643271436881465 0.07126332212761825 415 241 > logs_RF/salida_p16_5
../GA ../Data/DataFiles/p16 4 0.9464450227350584 0.49919396704277597 0.5115228605119783 6 1.4319125972105906 95.2357778061443 0.6381464337280637 0.8191952174523071 0.5628003802492975 0.5643271436881465 0.07126332212761825 415 241 > logs_RF/salida_p16_6
../GA ../Data/DataFiles/p16 187 0.9464450227350584 0.49919396704277597 0.5115228605119783 6 1.4319125972105906 95.2357778061443 0.6381464337280637 0.8191952174523071 0.5628003802492975 0.5643271436881465 0.07126332212761825 415 241 > logs_RF/salida_p16_7
../GA ../Data/DataFiles/p16 861 0.9464450227350584 0.49919396704277597 0.5115228605119783 6 1.4319125972105906 95.2357778061443 0.6381464337280637 0.8191952174523071 0.5628003802492975 0.5643271436881465 0.07126332212761825 415 241 > logs_RF/salida_p16_8
../GA ../Data/DataFiles/p16 559 0.9464450227350584 0.49919396704277597 0.5115228605119783 6 1.4319125972105906 95.2357778061443 0.6381464337280637 0.8191952174523071 0.5628003802492975 0.5643271436881465 0.07126332212761825 415 241 > logs_RF/salida_p16_9
../GA ../Data/DataFiles/p17 434 0.9464450227350584 0.49919396704277597 0.5115228605119783 6 1.4319125972105906 95.2357778061443 0.6381464337280637 0.8191952174523071 0.5628003802492975 0.5643271436881465 0.07126332212761825 415 241 > logs_RF/salida_p17_0
../GA ../Data/DataFiles/p17 720 0.9464450227350584 0.49919396704277597 0.5115228605119783 6 1.4319125972105906 95.2357778061443 0.6381464337280637 0.8191952174523071 0.5628003802492975 0.5643271436881465 0.07126332212761825 415 241 > logs_RF/salida_p17_1
../GA ../Data/DataFiles/p17 107 0.9464450227350584 0.49919396704277597 0.5115228605119783 6 1.4319125972105906 95.2357778061443 0.6381464337280637 0.8191952174523071 0.5628003802492975 0.5643271436881465 0.07126332212761825 415 241 > logs_RF/salida_p17_2
../GA ../Data/DataFiles/p17 992 0.9464450227350584 0.49919396704277597 0.5115228605119783 6 1.4319125972105906 95.2357778061443 0.6381464337280637 0.8191952174523071 0.5628003802492975 0.5643271436881465 0.07126332212761825 415 241 > logs_RF/salida_p17_3
../GA ../Data/DataFiles/p17 324 0.9464450227350584 0.49919396704277597 0.5115228605119783 6 1.4319125972105906 95.2357778061443 0.6381464337280637 0.8191952174523071 0.5628003802492975 0.5643271436881465 0.07126332212761825 415 241 > logs_RF/salida_p17_4
../GA ../Data/DataFiles/p17 116 0.9464450227350584 0.49919396704277597 0.5115228605119783 6 1.4319125972105906 95.2357778061443 0.6381464337280637 0.8191952174523071 0.5628003802492975 0.5643271436881465 0.07126332212761825 415 241 > logs_RF/salida_p17_5
../GA ../Data/DataFiles/p17 577 0.9464450227350584 0.49919396704277597 0.5115228605119783 6 1.4319125972105906 95.2357778061443 0.6381464337280637 0.8191952174523071 0.5628003802492975 0.5643271436881465 0.07126332212761825 415 241 > logs_RF/salida_p17_6
../GA ../Data/DataFiles/p17 824 0.9464450227350584 0.49919396704277597 0.5115228605119783 6 1.4319125972105906 95.2357778061443 0.6381464337280637 0.8191952174523071 0.5628003802492975 0.5643271436881465 0.07126332212761825 415 241 > logs_RF/salida_p17_7
../GA ../Data/DataFiles/p17 297 0.9464450227350584 0.49919396704277597 0.5115228605119783 6 1.4319125972105906 95.2357778061443 0.6381464337280637 0.8191952174523071 0.5628003802492975 0.5643271436881465 0.07126332212761825 415 241 > logs_RF/salida_p17_8
../GA ../Data/DataFiles/p17 739 0.9464450227350584 0.49919396704277597 0.5115228605119783 6 1.4319125972105906 95.2357778061443 0.6381464337280637 0.8191952174523071 0.5628003802492975 0.5643271436881465 0.07126332212761825 415 241 > logs_RF/salida_p17_9
../GA ../Data/DataFiles/p18 538 0.8646477871608009 0.4771777961282173 0.6248465365740973 2 1.465694300811151 124.5877170382962 1.439949751903677 0.8241355827349324 0.45428008724487356 0.5417410095446187 0.09876916104626507 885 113 > logs_RF/salida_p18_0
../GA ../Data/DataFiles/p18 261 0.8646477871608009 0.4771777961282173 0.6248465365740973 2 1.465694300811151 124.5877170382962 1.439949751903677 0.8241355827349324 0.45428008724487356 0.5417410095446187 0.09876916104626507 885 113 > logs_RF/salida_p18_1
../GA ../Data/DataFiles/p18 284 0.8646477871608009 0.4771777961282173 0.6248465365740973 2 1.465694300811151 124.5877170382962 1.439949751903677 0.8241355827349324 0.45428008724487356 0.5417410095446187 0.09876916104626507 885 113 > logs_RF/salida_p18_2
../GA ../Data/DataFiles/p18 626 0.8646477871608009 0.4771777961282173 0.6248465365740973 2 1.465694300811151 124.5877170382962 1.439949751903677 0.8241355827349324 0.45428008724487356 0.5417410095446187 0.09876916104626507 885 113 > logs_RF/salida_p18_3
../GA ../Data/DataFiles/p18 521 0.8646477871608009 0.4771777961282173 0.6248465365740973 2 1.465694300811151 124.5877170382962 1.439949751903677 0.8241355827349324 0.45428008724487356 0.5417410095446187 0.09876916104626507 885 113 > logs_RF/salida_p18_4
../GA ../Data/DataFiles/p18 508 0.8646477871608009 0.4771777961282173 0.6248465365740973 2 1.465694300811151 124.5877170382962 1.439949751903677 0.8241355827349324 0.45428008724487356 0.5417410095446187 0.09876916104626507 885 113 > logs_RF/salida_p18_5
../GA ../Data/DataFiles/p18 83 0.8646477871608009 0.4771777961282173 0.6248465365740973 2 1.465694300811151 124.5877170382962 1.439949751903677 0.8241355827349324 0.45428008724487356 0.5417410095446187 0.09876916104626507 885 113 > logs_RF/salida_p18_6
../GA ../Data/DataFiles/p18 969 0.8646477871608009 0.4771777961282173 0.6248465365740973 2 1.465694300811151 124.5877170382962 1.439949751903677 0.8241355827349324 0.45428008724487356 0.5417410095446187 0.09876916104626507 885 113 > logs_RF/salida_p18_7
../GA ../Data/DataFiles/p18 138 0.8646477871608009 0.4771777961282173 0.6248465365740973 2 1.465694300811151 124.5877170382962 1.439949751903677 0.8241355827349324 0.45428008724487356 0.5417410095446187 0.09876916104626507 885 113 > logs_RF/salida_p18_8
../GA ../Data/DataFiles/p18 143 0.8646477871608009 0.4771777961282173 0.6248465365740973 2 1.465694300811151 124.5877170382962 1.439949751903677 0.8241355827349324 0.45428008724487356 0.5417410095446187 0.09876916104626507 885 113 > logs_RF/salida_p18_9
../GA ../Data/DataFiles/p19 753 0.8646477871608009 0.4771777961282173 0.6248465365740973 2 1.465694300811151 124.5877170382962 1.439949751903677 0.8241355827349324 0.45428008724487356 0.5417410095446187 0.09876916104626507 885 113 > logs_RF/salida_p19_0
../GA ../Data/DataFiles/p19 626 0.8646477871608009 0.4771777961282173 0.6248465365740973 2 1.465694300811151 124.5877170382962 1.439949751903677 0.8241355827349324 0.45428008724487356 0.5417410095446187 0.09876916104626507 885 113 > logs_RF/salida_p19_1
../GA ../Data/DataFiles/p19 247 0.8646477871608009 0.4771777961282173 0.6248465365740973 2 1.465694300811151 124.5877170382962 1.439949751903677 0.8241355827349324 0.45428008724487356 0.5417410095446187 0.09876916104626507 885 113 > logs_RF/salida_p19_2
../GA ../Data/DataFiles/p19 897 0.8646477871608009 0.4771777961282173 0.6248465365740973 2 1.465694300811151 124.5877170382962 1.439949751903677 0.8241355827349324 0.45428008724487356 0.5417410095446187 0.09876916104626507 885 113 > logs_RF/salida_p19_3
../GA ../Data/DataFiles/p19 863 0.8646477871608009 0.4771777961282173 0.6248465365740973 2 1.465694300811151 124.5877170382962 1.439949751903677 0.8241355827349324 0.45428008724487356 0.5417410095446187 0.09876916104626507 885 113 > logs_RF/salida_p19_4
../GA ../Data/DataFiles/p19 899 0.8646477871608009 0.4771777961282173 0.6248465365740973 2 1.465694300811151 124.5877170382962 1.439949751903677 0.8241355827349324 0.45428008724487356 0.5417410095446187 0.09876916104626507 885 113 > logs_RF/salida_p19_5
../GA ../Data/DataFiles/p19 833 0.8646477871608009 0.4771777961282173 0.6248465365740973 2 1.465694300811151 124.5877170382962 1.439949751903677 0.8241355827349324 0.45428008724487356 0.5417410095446187 0.09876916104626507 885 113 > logs_RF/salida_p19_6
../GA ../Data/DataFiles/p19 270 0.8646477871608009 0.4771777961282173 0.6248465365740973 2 1.465694300811151 124.5877170382962 1.439949751903677 0.8241355827349324 0.45428008724487356 0.5417410095446187 0.09876916104626507 885 113 > logs_RF/salida_p19_7
../GA ../Data/DataFiles/p19 763 0.8646477871608009 0.4771777961282173 0.6248465365740973 2 1.465694300811151 124.5877170382962 1.439949751903677 0.8241355827349324 0.45428008724487356 0.5417410095446187 0.09876916104626507 885 113 > logs_RF/salida_p19_8
../GA ../Data/DataFiles/p19 185 0.8646477871608009 0.4771777961282173 0.6248465365740973 2 1.465694300811151 124.5877170382962 1.439949751903677 0.8241355827349324 0.45428008724487356 0.5417410095446187 0.09876916104626507 885 113 > logs_RF/salida_p19_9
../GA ../Data/DataFiles/p20 747 0.8646477871608009 0.4771777961282173 0.6248465365740973 2 1.465694300811151 124.5877170382962 1.439949751903677 0.8241355827349324 0.45428008724487356 0.5417410095446187 0.09876916104626507 885 113 > logs_RF/salida_p20_0
../GA ../Data/DataFiles/p20 55 0.8646477871608009 0.4771777961282173 0.6248465365740973 2 1.465694300811151 124.5877170382962 1.439949751903677 0.8241355827349324 0.45428008724487356 0.5417410095446187 0.09876916104626507 885 113 > logs_RF/salida_p20_1
../GA ../Data/DataFiles/p20 632 0.8646477871608009 0.4771777961282173 0.6248465365740973 2 1.465694300811151 124.5877170382962 1.439949751903677 0.8241355827349324 0.45428008724487356 0.5417410095446187 0.09876916104626507 885 113 > logs_RF/salida_p20_2
../GA ../Data/DataFiles/p20 851 0.8646477871608009 0.4771777961282173 0.6248465365740973 2 1.465694300811151 124.5877170382962 1.439949751903677 0.8241355827349324 0.45428008724487356 0.5417410095446187 0.09876916104626507 885 113 > logs_RF/salida_p20_3
../GA ../Data/DataFiles/p20 354 0.8646477871608009 0.4771777961282173 0.6248465365740973 2 1.465694300811151 124.5877170382962 1.439949751903677 0.8241355827349324 0.45428008724487356 0.5417410095446187 0.09876916104626507 885 113 > logs_RF/salida_p20_4
../GA ../Data/DataFiles/p20 575 0.8646477871608009 0.4771777961282173 0.6248465365740973 2 1.465694300811151 124.5877170382962 1.439949751903677 0.8241355827349324 0.45428008724487356 0.5417410095446187 0.09876916104626507 885 113 > logs_RF/salida_p20_5
../GA ../Data/DataFiles/p20 932 0.8646477871608009 0.4771777961282173 0.6248465365740973 2 1.465694300811151 124.5877170382962 1.439949751903677 0.8241355827349324 0.45428008724487356 0.5417410095446187 0.09876916104626507 885 113 > logs_RF/salida_p20_6
../GA ../Data/DataFiles/p20 854 0.8646477871608009 0.4771777961282173 0.6248465365740973 2 1.465694300811151 124.5877170382962 1.439949751903677 0.8241355827349324 0.45428008724487356 0.5417410095446187 0.09876916104626507 885 113 > logs_RF/salida_p20_7
../GA ../Data/DataFiles/p20 163 0.8646477871608009 0.4771777961282173 0.6248465365740973 2 1.465694300811151 124.5877170382962 1.439949751903677 0.8241355827349324 0.45428008724487356 0.5417410095446187 0.09876916104626507 885 113 > logs_RF/salida_p20_8
../GA ../Data/DataFiles/p20 115 0.8646477871608009 0.4771777961282173 0.6248465365740973 2 1.465694300811151 124.5877170382962 1.439949751903677 0.8241355827349324 0.45428008724487356 0.5417410095446187 0.09876916104626507 885 113 > logs_RF/salida_p20_9
../GA ../Data/DataFiles/p21 752 0.8338262315375108 0.6096317243127272 0.7114669478525606 2 1.6648757279066257 78.06235616244976 3.947473764249153 0.8256203755581282 0.6418116829694523 0.5023628103164816 0.09035941365959888 1299 78 > logs_RF/salida_p21_0
../GA ../Data/DataFiles/p21 316 0.8338262315375108 0.6096317243127272 0.7114669478525606 2 1.6648757279066257 78.06235616244976 3.947473764249153 0.8256203755581282 0.6418116829694523 0.5023628103164816 0.09035941365959888 1299 78 > logs_RF/salida_p21_1
../GA ../Data/DataFiles/p21 259 0.8338262315375108 0.6096317243127272 0.7114669478525606 2 1.6648757279066257 78.06235616244976 3.947473764249153 0.8256203755581282 0.6418116829694523 0.5023628103164816 0.09035941365959888 1299 78 > logs_RF/salida_p21_2
../GA ../Data/DataFiles/p21 396 0.8338262315375108 0.6096317243127272 0.7114669478525606 2 1.6648757279066257 78.06235616244976 3.947473764249153 0.8256203755581282 0.6418116829694523 0.5023628103164816 0.09035941365959888 1299 78 > logs_RF/salida_p21_3
../GA ../Data/DataFiles/p21 23 0.8338262315375108 0.6096317243127272 0.7114669478525606 2 1.6648757279066257 78.06235616244976 3.947473764249153 0.8256203755581282 0.6418116829694523 0.5023628103164816 0.09035941365959888 1299 78 > logs_RF/salida_p21_4
../GA ../Data/DataFiles/p21 174 0.8338262315375108 0.6096317243127272 0.7114669478525606 2 1.6648757279066257 78.06235616244976 3.947473764249153 0.8256203755581282 0.6418116829694523 0.5023628103164816 0.09035941365959888 1299 78 > logs_RF/salida_p21_5
../GA ../Data/DataFiles/p21 486 0.8338262315375108 0.6096317243127272 0.7114669478525606 2 1.6648757279066257 78.06235616244976 3.947473764249153 0.8256203755581282 0.6418116829694523 0.5023628103164816 0.09035941365959888 1299 78 > logs_RF/salida_p21_6
../GA ../Data/DataFiles/p21 16 0.8338262315375108 0.6096317243127272 0.7114669478525606 2 1.6648757279066257 78.06235616244976 3.947473764249153 0.8256203755581282 0.6418116829694523 0.5023628103164816 0.09035941365959888 1299 78 > logs_RF/salida_p21_7
../GA ../Data/DataFiles/p21 762 0.8338262315375108 0.6096317243127272 0.7114669478525606 2 1.6648757279066257 78.06235616244976 3.947473764249153 0.8256203755581282 0.6418116829694523 0.5023628103164816 0.09035941365959888 1299 78 > logs_RF/salida_p21_8
../GA ../Data/DataFiles/p21 530 0.8338262315375108 0.6096317243127272 0.7114669478525606 2 1.6648757279066257 78.06235616244976 3.947473764249153 0.8256203755581282 0.6418116829694523 0.5023628103164816 0.09035941365959888 1299 78 > logs_RF/salida_p21_9
../GA ../Data/DataFiles/p22 518 0.8338262315375108 0.6096317243127272 0.7114669478525606 2 1.6648757279066257 78.06235616244976 3.947473764249153 0.8256203755581282 0.6418116829694523 0.5023628103164816 0.09035941365959888 1299 78 > logs_RF/salida_p22_0
../GA ../Data/DataFiles/p22 46 0.8338262315375108 0.6096317243127272 0.7114669478525606 2 1.6648757279066257 78.06235616244976 3.947473764249153 0.8256203755581282 0.6418116829694523 0.5023628103164816 0.09035941365959888 1299 78 > logs_RF/salida_p22_1
../GA ../Data/DataFiles/p22 336 0.8338262315375108 0.6096317243127272 0.7114669478525606 2 1.6648757279066257 78.06235616244976 3.947473764249153 0.8256203755581282 0.6418116829694523 0.5023628103164816 0.09035941365959888 1299 78 > logs_RF/salida_p22_2
../GA ../Data/DataFiles/p22 660 0.8338262315375108 0.6096317243127272 0.7114669478525606 2 1.6648757279066257 78.06235616244976 3.947473764249153 0.8256203755581282 0.6418116829694523 0.5023628103164816 0.09035941365959888 1299 78 > logs_RF/salida_p22_3
../GA ../Data/DataFiles/p22 293 0.8338262315375108 0.6096317243127272 0.7114669478525606 2 1.6648757279066257 78.06235616244976 3.947473764249153 0.8256203755581282 0.6418116829694523 0.5023628103164816 0.09035941365959888 1299 78 > logs_RF/salida_p22_4
../GA ../Data/DataFiles/p22 30 0.8338262315375108 0.6096317243127272 0.7114669478525606 2 1.6648757279066257 78.06235616244976 3.947473764249153 0.8256203755581282 0.6418116829694523 0.5023628103164816 0.09035941365959888 1299 78 > logs_RF/salida_p22_5
../GA ../Data/DataFiles/p22 374 0.8338262315375108 0.6096317243127272 0.7114669478525606 2 1.6648757279066257 78.06235616244976 3.947473764249153 0.8256203755581282 0.6418116829694523 0.5023628103164816 0.09035941365959888 1299 78 > logs_RF/salida_p22_6
../GA ../Data/DataFiles/p22 846 0.8338262315375108 0.6096317243127272 0.7114669478525606 2 1.6648757279066257 78.06235616244976 3.947473764249153 0.8256203755581282 0.6418116829694523 0.5023628103164816 0.09035941365959888 1299 78 > logs_RF/salida_p22_7
../GA ../Data/DataFiles/p22 733 0.8338262315375108 0.6096317243127272 0.7114669478525606 2 1.6648757279066257 78.06235616244976 3.947473764249153 0.8256203755581282 0.6418116829694523 0.5023628103164816 0.09035941365959888 1299 78 > logs_RF/salida_p22_8
../GA ../Data/DataFiles/p22 358 0.8338262315375108 0.6096317243127272 0.7114669478525606 2 1.6648757279066257 78.06235616244976 3.947473764249153 0.8256203755581282 0.6418116829694523 0.5023628103164816 0.09035941365959888 1299 78 > logs_RF/salida_p22_9
../GA ../Data/DataFiles/p23 503 0.8338262315375108 0.6096317243127272 0.7114669478525606 2 1.6648757279066257 78.06235616244976 3.947473764249153 0.8256203755581282 0.6418116829694523 0.5023628103164816 0.09035941365959888 1299 78 > logs_RF/salida_p23_0
../GA ../Data/DataFiles/p23 278 0.8338262315375108 0.6096317243127272 0.7114669478525606 2 1.6648757279066257 78.06235616244976 3.947473764249153 0.8256203755581282 0.6418116829694523 0.5023628103164816 0.09035941365959888 1299 78 > logs_RF/salida_p23_1
../GA ../Data/DataFiles/p23 35 0.8338262315375108 0.6096317243127272 0.7114669478525606 2 1.6648757279066257 78.06235616244976 3.947473764249153 0.8256203755581282 0.6418116829694523 0.5023628103164816 0.09035941365959888 1299 78 > logs_RF/salida_p23_2
../GA ../Data/DataFiles/p23 781 0.8338262315375108 0.6096317243127272 0.7114669478525606 2 1.6648757279066257 78.06235616244976 3.947473764249153 0.8256203755581282 0.6418116829694523 0.5023628103164816 0.09035941365959888 1299 78 > logs_RF/salida_p23_3
../GA ../Data/DataFiles/p23 76 0.8338262315375108 0.6096317243127272 0.7114669478525606 2 1.6648757279066257 78.06235616244976 3.947473764249153 0.8256203755581282 0.6418116829694523 0.5023628103164816 0.09035941365959888 1299 78 > logs_RF/salida_p23_4
../GA ../Data/DataFiles/p23 536 0.8338262315375108 0.6096317243127272 0.7114669478525606 2 1.6648757279066257 78.06235616244976 3.947473764249153 0.8256203755581282 0.6418116829694523 0.5023628103164816 0.09035941365959888 1299 78 > logs_RF/salida_p23_5
../GA ../Data/DataFiles/p23 62 0.8338262315375108 0.6096317243127272 0.7114669478525606 2 1.6648757279066257 78.06235616244976 3.947473764249153 0.8256203755581282 0.6418116829694523 0.5023628103164816 0.09035941365959888 1299 78 > logs_RF/salida_p23_6
../GA ../Data/DataFiles/p23 458 0.8338262315375108 0.6096317243127272 0.7114669478525606 2 1.6648757279066257 78.06235616244976 3.947473764249153 0.8256203755581282 0.6418116829694523 0.5023628103164816 0.09035941365959888 1299 78 > logs_RF/salida_p23_7
../GA ../Data/DataFiles/p23 775 0.8338262315375108 0.6096317243127272 0.7114669478525606 2 1.6648757279066257 78.06235616244976 3.947473764249153 0.8256203755581282 0.6418116829694523 0.5023628103164816 0.09035941365959888 1299 78 > logs_RF/salida_p23_8
../GA ../Data/DataFiles/p23 698 0.8338262315375108 0.6096317243127272 0.7114669478525606 2 1.6648757279066257 78.06235616244976 3.947473764249153 0.8256203755581282 0.6418116829694523 0.5023628103164816 0.09035941365959888 1299 78 > logs_RF/salida_p23_9
