../GA ../Data/DataFiles/pr01 49 0.5087936 0.6392063 0.44768554 7 2.1949751 123.23263 0.9491209 0.8057295 0.62212926 0.456793 0.1015369 806 403 > logs_ANN/salida_pr01_0
../GA ../Data/DataFiles/pr01 741 0.5087936 0.6392063 0.44768554 7 2.1949751 123.23263 0.9491209 0.8057295 0.62212926 0.456793 0.1015369 806 403 > logs_ANN/salida_pr01_1
../GA ../Data/DataFiles/pr01 482 0.5087936 0.6392063 0.44768554 7 2.1949751 123.23263 0.9491209 0.8057295 0.62212926 0.456793 0.1015369 806 403 > logs_ANN/salida_pr01_2
../GA ../Data/DataFiles/pr01 770 0.5087936 0.6392063 0.44768554 7 2.1949751 123.23263 0.9491209 0.8057295 0.62212926 0.456793 0.1015369 806 403 > logs_ANN/salida_pr01_3
../GA ../Data/DataFiles/pr01 277 0.5087936 0.6392063 0.44768554 7 2.1949751 123.23263 0.9491209 0.8057295 0.62212926 0.456793 0.1015369 806 403 > logs_ANN/salida_pr01_4
../GA ../Data/DataFiles/pr01 741 0.5087936 0.6392063 0.44768554 7 2.1949751 123.23263 0.9491209 0.8057295 0.62212926 0.456793 0.1015369 806 403 > logs_ANN/salida_pr01_5
../GA ../Data/DataFiles/pr01 245 0.5087936 0.6392063 0.44768554 7 2.1949751 123.23263 0.9491209 0.8057295 0.62212926 0.456793 0.1015369 806 403 > logs_ANN/salida_pr01_6
../GA ../Data/DataFiles/pr01 266 0.5087936 0.6392063 0.44768554 7 2.1949751 123.23263 0.9491209 0.8057295 0.62212926 0.456793 0.1015369 806 403 > logs_ANN/salida_pr01_7
../GA ../Data/DataFiles/pr01 529 0.5087936 0.6392063 0.44768554 7 2.1949751 123.23263 0.9491209 0.8057295 0.62212926 0.456793 0.1015369 806 403 > logs_ANN/salida_pr01_8
../GA ../Data/DataFiles/pr01 730 0.5087936 0.6392063 0.44768554 7 2.1949751 123.23263 0.9491209 0.8057295 0.62212926 0.456793 0.1015369 806 403 > logs_ANN/salida_pr01_9
../GA ../Data/DataFiles/pr02 580 0.7131767 0.61717945 0.6465849 3 2.0967479 109.7928 0.90917516 0.77305835 0.48645967 0.5678543 0.10782507 928 464 > logs_ANN/salida_pr02_0
../GA ../Data/DataFiles/pr02 528 0.7131767 0.61717945 0.6465849 3 2.0967479 109.7928 0.90917516 0.77305835 0.48645967 0.5678543 0.10782507 928 464 > logs_ANN/salida_pr02_1
../GA ../Data/DataFiles/pr02 538 0.7131767 0.61717945 0.6465849 3 2.0967479 109.7928 0.90917516 0.77305835 0.48645967 0.5678543 0.10782507 928 464 > logs_ANN/salida_pr02_2
../GA ../Data/DataFiles/pr02 207 0.7131767 0.61717945 0.6465849 3 2.0967479 109.7928 0.90917516 0.77305835 0.48645967 0.5678543 0.10782507 928 464 > logs_ANN/salida_pr02_3
../GA ../Data/DataFiles/pr02 577 0.7131767 0.61717945 0.6465849 3 2.0967479 109.7928 0.90917516 0.77305835 0.48645967 0.5678543 0.10782507 928 464 > logs_ANN/salida_pr02_4
../GA ../Data/DataFiles/pr02 828 0.7131767 0.61717945 0.6465849 3 2.0967479 109.7928 0.90917516 0.77305835 0.48645967 0.5678543 0.10782507 928 464 > logs_ANN/salida_pr02_5
../GA ../Data/DataFiles/pr02 734 0.7131767 0.61717945 0.6465849 3 2.0967479 109.7928 0.90917516 0.77305835 0.48645967 0.5678543 0.10782507 928 464 > logs_ANN/salida_pr02_6
../GA ../Data/DataFiles/pr02 701 0.7131767 0.61717945 0.6465849 3 2.0967479 109.7928 0.90917516 0.77305835 0.48645967 0.5678543 0.10782507 928 464 > logs_ANN/salida_pr02_7
../GA ../Data/DataFiles/pr02 741 0.7131767 0.61717945 0.6465849 3 2.0967479 109.7928 0.90917516 0.77305835 0.48645967 0.5678543 0.10782507 928 464 > logs_ANN/salida_pr02_8
../GA ../Data/DataFiles/pr02 790 0.7131767 0.61717945 0.6465849 3 2.0967479 109.7928 0.90917516 0.77305835 0.48645967 0.5678543 0.10782507 928 464 > logs_ANN/salida_pr02_9
../GA ../Data/DataFiles/pr03 902 0.7914745 0.56859535 0.51950026 3 1.7818657 97.29974 1.0756578 0.73831135 0.47451723 0.5513674 0.08221589 370 270 > logs_ANN/salida_pr03_0
../GA ../Data/DataFiles/pr03 451 0.7914745 0.56859535 0.51950026 3 1.7818657 97.29974 1.0756578 0.73831135 0.47451723 0.5513674 0.08221589 370 270 > logs_ANN/salida_pr03_1
../GA ../Data/DataFiles/pr03 330 0.7914745 0.56859535 0.51950026 3 1.7818657 97.29974 1.0756578 0.73831135 0.47451723 0.5513674 0.08221589 370 270 > logs_ANN/salida_pr03_2
../GA ../Data/DataFiles/pr03 277 0.7914745 0.56859535 0.51950026 3 1.7818657 97.29974 1.0756578 0.73831135 0.47451723 0.5513674 0.08221589 370 270 > logs_ANN/salida_pr03_3
../GA ../Data/DataFiles/pr03 870 0.7914745 0.56859535 0.51950026 3 1.7818657 97.29974 1.0756578 0.73831135 0.47451723 0.5513674 0.08221589 370 270 > logs_ANN/salida_pr03_4
../GA ../Data/DataFiles/pr03 624 0.7914745 0.56859535 0.51950026 3 1.7818657 97.29974 1.0756578 0.73831135 0.47451723 0.5513674 0.08221589 370 270 > logs_ANN/salida_pr03_5
../GA ../Data/DataFiles/pr03 983 0.7914745 0.56859535 0.51950026 3 1.7818657 97.29974 1.0756578 0.73831135 0.47451723 0.5513674 0.08221589 370 270 > logs_ANN/salida_pr03_6
../GA ../Data/DataFiles/pr03 352 0.7914745 0.56859535 0.51950026 3 1.7818657 97.29974 1.0756578 0.73831135 0.47451723 0.5513674 0.08221589 370 270 > logs_ANN/salida_pr03_7
../GA ../Data/DataFiles/pr03 836 0.7914745 0.56859535 0.51950026 3 1.7818657 97.29974 1.0756578 0.73831135 0.47451723 0.5513674 0.08221589 370 270 > logs_ANN/salida_pr03_8
../GA ../Data/DataFiles/pr03 860 0.7914745 0.56859535 0.51950026 3 1.7818657 97.29974 1.0756578 0.73831135 0.47451723 0.5513674 0.08221589 370 270 > logs_ANN/salida_pr03_9
../GA ../Data/DataFiles/pr04 844 0.7884614 0.6120649 0.56934404 5 1.8073221 117.452675 0.72841537 0.74449337 0.4741757 0.58263826 0.097500354 820 410 > logs_ANN/salida_pr04_0
../GA ../Data/DataFiles/pr04 685 0.7884614 0.6120649 0.56934404 5 1.8073221 117.452675 0.72841537 0.74449337 0.4741757 0.58263826 0.097500354 820 410 > logs_ANN/salida_pr04_1
../GA ../Data/DataFiles/pr04 777 0.7884614 0.6120649 0.56934404 5 1.8073221 117.452675 0.72841537 0.74449337 0.4741757 0.58263826 0.097500354 820 410 > logs_ANN/salida_pr04_2
../GA ../Data/DataFiles/pr04 718 0.7884614 0.6120649 0.56934404 5 1.8073221 117.452675 0.72841537 0.74449337 0.4741757 0.58263826 0.097500354 820 410 > logs_ANN/salida_pr04_3
../GA ../Data/DataFiles/pr04 274 0.7884614 0.6120649 0.56934404 5 1.8073221 117.452675 0.72841537 0.74449337 0.4741757 0.58263826 0.097500354 820 410 > logs_ANN/salida_pr04_4
../GA ../Data/DataFiles/pr04 660 0.7884614 0.6120649 0.56934404 5 1.8073221 117.452675 0.72841537 0.74449337 0.4741757 0.58263826 0.097500354 820 410 > logs_ANN/salida_pr04_5
../GA ../Data/DataFiles/pr04 965 0.7884614 0.6120649 0.56934404 5 1.8073221 117.452675 0.72841537 0.74449337 0.4741757 0.58263826 0.097500354 820 410 > logs_ANN/salida_pr04_6
../GA ../Data/DataFiles/pr04 895 0.7884614 0.6120649 0.56934404 5 1.8073221 117.452675 0.72841537 0.74449337 0.4741757 0.58263826 0.097500354 820 410 > logs_ANN/salida_pr04_7
../GA ../Data/DataFiles/pr04 835 0.7884614 0.6120649 0.56934404 5 1.8073221 117.452675 0.72841537 0.74449337 0.4741757 0.58263826 0.097500354 820 410 > logs_ANN/salida_pr04_8
../GA ../Data/DataFiles/pr04 330 0.7884614 0.6120649 0.56934404 5 1.8073221 117.452675 0.72841537 0.74449337 0.4741757 0.58263826 0.097500354 820 410 > logs_ANN/salida_pr04_9
../GA ../Data/DataFiles/pr05 696 0.9486793 0.6274018 0.6761386 6 1.9184873 86.7488 4.1397476 0.7703105 0.43632656 0.62076604 0.14924048 766 383 > logs_ANN/salida_pr05_0
../GA ../Data/DataFiles/pr05 230 0.9486793 0.6274018 0.6761386 6 1.9184873 86.7488 4.1397476 0.7703105 0.43632656 0.62076604 0.14924048 766 383 > logs_ANN/salida_pr05_1
../GA ../Data/DataFiles/pr05 400 0.9486793 0.6274018 0.6761386 6 1.9184873 86.7488 4.1397476 0.7703105 0.43632656 0.62076604 0.14924048 766 383 > logs_ANN/salida_pr05_2
../GA ../Data/DataFiles/pr05 345 0.9486793 0.6274018 0.6761386 6 1.9184873 86.7488 4.1397476 0.7703105 0.43632656 0.62076604 0.14924048 766 383 > logs_ANN/salida_pr05_3
../GA ../Data/DataFiles/pr05 924 0.9486793 0.6274018 0.6761386 6 1.9184873 86.7488 4.1397476 0.7703105 0.43632656 0.62076604 0.14924048 766 383 > logs_ANN/salida_pr05_4
../GA ../Data/DataFiles/pr05 411 0.9486793 0.6274018 0.6761386 6 1.9184873 86.7488 4.1397476 0.7703105 0.43632656 0.62076604 0.14924048 766 383 > logs_ANN/salida_pr05_5
../GA ../Data/DataFiles/pr05 598 0.9486793 0.6274018 0.6761386 6 1.9184873 86.7488 4.1397476 0.7703105 0.43632656 0.62076604 0.14924048 766 383 > logs_ANN/salida_pr05_6
../GA ../Data/DataFiles/pr05 951 0.9486793 0.6274018 0.6761386 6 1.9184873 86.7488 4.1397476 0.7703105 0.43632656 0.62076604 0.14924048 766 383 > logs_ANN/salida_pr05_7
../GA ../Data/DataFiles/pr05 535 0.9486793 0.6274018 0.6761386 6 1.9184873 86.7488 4.1397476 0.7703105 0.43632656 0.62076604 0.14924048 766 383 > logs_ANN/salida_pr05_8
../GA ../Data/DataFiles/pr05 272 0.9486793 0.6274018 0.6761386 6 1.9184873 86.7488 4.1397476 0.7703105 0.43632656 0.62076604 0.14924048 766 383 > logs_ANN/salida_pr05_9
../GA ../Data/DataFiles/pr06 765 0.95659983 0.6227316 0.65081537 6 1.4014745 87.56561 5.1334505 0.773226 0.42767048 0.54189795 0.123479486 749 375 > logs_ANN/salida_pr06_0
../GA ../Data/DataFiles/pr06 832 0.95659983 0.6227316 0.65081537 6 1.4014745 87.56561 5.1334505 0.773226 0.42767048 0.54189795 0.123479486 749 375 > logs_ANN/salida_pr06_1
../GA ../Data/DataFiles/pr06 943 0.95659983 0.6227316 0.65081537 6 1.4014745 87.56561 5.1334505 0.773226 0.42767048 0.54189795 0.123479486 749 375 > logs_ANN/salida_pr06_2
../GA ../Data/DataFiles/pr06 866 0.95659983 0.6227316 0.65081537 6 1.4014745 87.56561 5.1334505 0.773226 0.42767048 0.54189795 0.123479486 749 375 > logs_ANN/salida_pr06_3
../GA ../Data/DataFiles/pr06 235 0.95659983 0.6227316 0.65081537 6 1.4014745 87.56561 5.1334505 0.773226 0.42767048 0.54189795 0.123479486 749 375 > logs_ANN/salida_pr06_4
../GA ../Data/DataFiles/pr06 745 0.95659983 0.6227316 0.65081537 6 1.4014745 87.56561 5.1334505 0.773226 0.42767048 0.54189795 0.123479486 749 375 > logs_ANN/salida_pr06_5
../GA ../Data/DataFiles/pr06 458 0.95659983 0.6227316 0.65081537 6 1.4014745 87.56561 5.1334505 0.773226 0.42767048 0.54189795 0.123479486 749 375 > logs_ANN/salida_pr06_6
../GA ../Data/DataFiles/pr06 606 0.95659983 0.6227316 0.65081537 6 1.4014745 87.56561 5.1334505 0.773226 0.42767048 0.54189795 0.123479486 749 375 > logs_ANN/salida_pr06_7
../GA ../Data/DataFiles/pr06 249 0.95659983 0.6227316 0.65081537 6 1.4014745 87.56561 5.1334505 0.773226 0.42767048 0.54189795 0.123479486 749 375 > logs_ANN/salida_pr06_8
../GA ../Data/DataFiles/pr06 152 0.95659983 0.6227316 0.65081537 6 1.4014745 87.56561 5.1334505 0.773226 0.42767048 0.54189795 0.123479486 749 375 > logs_ANN/salida_pr06_9
../GA ../Data/DataFiles/pr07 102 0.53739864 0.5759325 0.6324735 1 1.6980705 83.05809 7.434288 0.75704867 0.4218395 0.4279539 0.058913313 652 326 > logs_ANN/salida_pr07_0
../GA ../Data/DataFiles/pr07 140 0.53739864 0.5759325 0.6324735 1 1.6980705 83.05809 7.434288 0.75704867 0.4218395 0.4279539 0.058913313 652 326 > logs_ANN/salida_pr07_1
../GA ../Data/DataFiles/pr07 333 0.53739864 0.5759325 0.6324735 1 1.6980705 83.05809 7.434288 0.75704867 0.4218395 0.4279539 0.058913313 652 326 > logs_ANN/salida_pr07_2
../GA ../Data/DataFiles/pr07 393 0.53739864 0.5759325 0.6324735 1 1.6980705 83.05809 7.434288 0.75704867 0.4218395 0.4279539 0.058913313 652 326 > logs_ANN/salida_pr07_3
../GA ../Data/DataFiles/pr07 44 0.53739864 0.5759325 0.6324735 1 1.6980705 83.05809 7.434288 0.75704867 0.4218395 0.4279539 0.058913313 652 326 > logs_ANN/salida_pr07_4
../GA ../Data/DataFiles/pr07 683 0.53739864 0.5759325 0.6324735 1 1.6980705 83.05809 7.434288 0.75704867 0.4218395 0.4279539 0.058913313 652 326 > logs_ANN/salida_pr07_5
../GA ../Data/DataFiles/pr07 963 0.53739864 0.5759325 0.6324735 1 1.6980705 83.05809 7.434288 0.75704867 0.4218395 0.4279539 0.058913313 652 326 > logs_ANN/salida_pr07_6
../GA ../Data/DataFiles/pr07 697 0.53739864 0.5759325 0.6324735 1 1.6980705 83.05809 7.434288 0.75704867 0.4218395 0.4279539 0.058913313 652 326 > logs_ANN/salida_pr07_7
../GA ../Data/DataFiles/pr07 636 0.53739864 0.5759325 0.6324735 1 1.6980705 83.05809 7.434288 0.75704867 0.4218395 0.4279539 0.058913313 652 326 > logs_ANN/salida_pr07_8
../GA ../Data/DataFiles/pr07 1000 0.53739864 0.5759325 0.6324735 1 1.6980705 83.05809 7.434288 0.75704867 0.4218395 0.4279539 0.058913313 652 326 > logs_ANN/salida_pr07_9
../GA ../Data/DataFiles/pr08 374 0.7229062 0.5465459 0.55601376 5 2.138371 108.0003 0.2950815 0.701736 0.5128839 0.56143725 0.08041103 346 289 > logs_ANN/salida_pr08_0
../GA ../Data/DataFiles/pr08 420 0.7229062 0.5465459 0.55601376 5 2.138371 108.0003 0.2950815 0.701736 0.5128839 0.56143725 0.08041103 346 289 > logs_ANN/salida_pr08_1
../GA ../Data/DataFiles/pr08 714 0.7229062 0.5465459 0.55601376 5 2.138371 108.0003 0.2950815 0.701736 0.5128839 0.56143725 0.08041103 346 289 > logs_ANN/salida_pr08_2
../GA ../Data/DataFiles/pr08 434 0.7229062 0.5465459 0.55601376 5 2.138371 108.0003 0.2950815 0.701736 0.5128839 0.56143725 0.08041103 346 289 > logs_ANN/salida_pr08_3
../GA ../Data/DataFiles/pr08 92 0.7229062 0.5465459 0.55601376 5 2.138371 108.0003 0.2950815 0.701736 0.5128839 0.56143725 0.08041103 346 289 > logs_ANN/salida_pr08_4
../GA ../Data/DataFiles/pr08 978 0.7229062 0.5465459 0.55601376 5 2.138371 108.0003 0.2950815 0.701736 0.5128839 0.56143725 0.08041103 346 289 > logs_ANN/salida_pr08_5
../GA ../Data/DataFiles/pr08 527 0.7229062 0.5465459 0.55601376 5 2.138371 108.0003 0.2950815 0.701736 0.5128839 0.56143725 0.08041103 346 289 > logs_ANN/salida_pr08_6
../GA ../Data/DataFiles/pr08 421 0.7229062 0.5465459 0.55601376 5 2.138371 108.0003 0.2950815 0.701736 0.5128839 0.56143725 0.08041103 346 289 > logs_ANN/salida_pr08_7
../GA ../Data/DataFiles/pr08 733 0.7229062 0.5465459 0.55601376 5 2.138371 108.0003 0.2950815 0.701736 0.5128839 0.56143725 0.08041103 346 289 > logs_ANN/salida_pr08_8
../GA ../Data/DataFiles/pr08 539 0.7229062 0.5465459 0.55601376 5 2.138371 108.0003 0.2950815 0.701736 0.5128839 0.56143725 0.08041103 346 289 > logs_ANN/salida_pr08_9
../GA ../Data/DataFiles/pr09 228 0.8035425 0.58754414 0.63946337 3 1.8133788 99.815094 1.8172354 0.71566474 0.48742965 0.5344813 0.086975604 685 343 > logs_ANN/salida_pr09_0
../GA ../Data/DataFiles/pr09 228 0.8035425 0.58754414 0.63946337 3 1.8133788 99.815094 1.8172354 0.71566474 0.48742965 0.5344813 0.086975604 685 343 > logs_ANN/salida_pr09_1
../GA ../Data/DataFiles/pr09 165 0.8035425 0.58754414 0.63946337 3 1.8133788 99.815094 1.8172354 0.71566474 0.48742965 0.5344813 0.086975604 685 343 > logs_ANN/salida_pr09_2
../GA ../Data/DataFiles/pr09 563 0.8035425 0.58754414 0.63946337 3 1.8133788 99.815094 1.8172354 0.71566474 0.48742965 0.5344813 0.086975604 685 343 > logs_ANN/salida_pr09_3
../GA ../Data/DataFiles/pr09 400 0.8035425 0.58754414 0.63946337 3 1.8133788 99.815094 1.8172354 0.71566474 0.48742965 0.5344813 0.086975604 685 343 > logs_ANN/salida_pr09_4
../GA ../Data/DataFiles/pr09 531 0.8035425 0.58754414 0.63946337 3 1.8133788 99.815094 1.8172354 0.71566474 0.48742965 0.5344813 0.086975604 685 343 > logs_ANN/salida_pr09_5
../GA ../Data/DataFiles/pr09 455 0.8035425 0.58754414 0.63946337 3 1.8133788 99.815094 1.8172354 0.71566474 0.48742965 0.5344813 0.086975604 685 343 > logs_ANN/salida_pr09_6
../GA ../Data/DataFiles/pr09 989 0.8035425 0.58754414 0.63946337 3 1.8133788 99.815094 1.8172354 0.71566474 0.48742965 0.5344813 0.086975604 685 343 > logs_ANN/salida_pr09_7
../GA ../Data/DataFiles/pr09 27 0.8035425 0.58754414 0.63946337 3 1.8133788 99.815094 1.8172354 0.71566474 0.48742965 0.5344813 0.086975604 685 343 > logs_ANN/salida_pr09_8
../GA ../Data/DataFiles/pr09 254 0.8035425 0.58754414 0.63946337 3 1.8133788 99.815094 1.8172354 0.71566474 0.48742965 0.5344813 0.086975604 685 343 > logs_ANN/salida_pr09_9
../GA ../Data/DataFiles/pr10 427 0.8965157 0.6243838 0.6427726 6 1.9718801 103.82187 1.9781739 0.72384584 0.5356336 0.6262172 0.12187141 665 332 > logs_ANN/salida_pr10_0
../GA ../Data/DataFiles/pr10 649 0.8965157 0.6243838 0.6427726 6 1.9718801 103.82187 1.9781739 0.72384584 0.5356336 0.6262172 0.12187141 665 332 > logs_ANN/salida_pr10_1
../GA ../Data/DataFiles/pr10 542 0.8965157 0.6243838 0.6427726 6 1.9718801 103.82187 1.9781739 0.72384584 0.5356336 0.6262172 0.12187141 665 332 > logs_ANN/salida_pr10_2
../GA ../Data/DataFiles/pr10 244 0.8965157 0.6243838 0.6427726 6 1.9718801 103.82187 1.9781739 0.72384584 0.5356336 0.6262172 0.12187141 665 332 > logs_ANN/salida_pr10_3
../GA ../Data/DataFiles/pr10 720 0.8965157 0.6243838 0.6427726 6 1.9718801 103.82187 1.9781739 0.72384584 0.5356336 0.6262172 0.12187141 665 332 > logs_ANN/salida_pr10_4
../GA ../Data/DataFiles/pr10 395 0.8965157 0.6243838 0.6427726 6 1.9718801 103.82187 1.9781739 0.72384584 0.5356336 0.6262172 0.12187141 665 332 > logs_ANN/salida_pr10_5
../GA ../Data/DataFiles/pr10 613 0.8965157 0.6243838 0.6427726 6 1.9718801 103.82187 1.9781739 0.72384584 0.5356336 0.6262172 0.12187141 665 332 > logs_ANN/salida_pr10_6
../GA ../Data/DataFiles/pr10 832 0.8965157 0.6243838 0.6427726 6 1.9718801 103.82187 1.9781739 0.72384584 0.5356336 0.6262172 0.12187141 665 332 > logs_ANN/salida_pr10_7
../GA ../Data/DataFiles/pr10 500 0.8965157 0.6243838 0.6427726 6 1.9718801 103.82187 1.9781739 0.72384584 0.5356336 0.6262172 0.12187141 665 332 > logs_ANN/salida_pr10_8
../GA ../Data/DataFiles/pr10 399 0.8965157 0.6243838 0.6427726 6 1.9718801 103.82187 1.9781739 0.72384584 0.5356336 0.6262172 0.12187141 665 332 > logs_ANN/salida_pr10_9
../GA ../Data/DataFiles/p01 524 0.84639776 0.576752 0.5801617 6 2.625406 91.84462 0.045207456 0.796573 0.602197 0.39672136 0.09753496 832 416 > logs_ANN/salida_p01_0
../GA ../Data/DataFiles/p01 344 0.84639776 0.576752 0.5801617 6 2.625406 91.84462 0.045207456 0.796573 0.602197 0.39672136 0.09753496 832 416 > logs_ANN/salida_p01_1
../GA ../Data/DataFiles/p01 192 0.84639776 0.576752 0.5801617 6 2.625406 91.84462 0.045207456 0.796573 0.602197 0.39672136 0.09753496 832 416 > logs_ANN/salida_p01_2
../GA ../Data/DataFiles/p01 858 0.84639776 0.576752 0.5801617 6 2.625406 91.84462 0.045207456 0.796573 0.602197 0.39672136 0.09753496 832 416 > logs_ANN/salida_p01_3
../GA ../Data/DataFiles/p01 318 0.84639776 0.576752 0.5801617 6 2.625406 91.84462 0.045207456 0.796573 0.602197 0.39672136 0.09753496 832 416 > logs_ANN/salida_p01_4
../GA ../Data/DataFiles/p01 803 0.84639776 0.576752 0.5801617 6 2.625406 91.84462 0.045207456 0.796573 0.602197 0.39672136 0.09753496 832 416 > logs_ANN/salida_p01_5
../GA ../Data/DataFiles/p01 235 0.84639776 0.576752 0.5801617 6 2.625406 91.84462 0.045207456 0.796573 0.602197 0.39672136 0.09753496 832 416 > logs_ANN/salida_p01_6
../GA ../Data/DataFiles/p01 380 0.84639776 0.576752 0.5801617 6 2.625406 91.84462 0.045207456 0.796573 0.602197 0.39672136 0.09753496 832 416 > logs_ANN/salida_p01_7
../GA ../Data/DataFiles/p01 837 0.84639776 0.576752 0.5801617 6 2.625406 91.84462 0.045207456 0.796573 0.602197 0.39672136 0.09753496 832 416 > logs_ANN/salida_p01_8
../GA ../Data/DataFiles/p01 818 0.84639776 0.576752 0.5801617 6 2.625406 91.84462 0.045207456 0.796573 0.602197 0.39672136 0.09753496 832 416 > logs_ANN/salida_p01_9
../GA ../Data/DataFiles/p02 559 0.7164463 0.62229645 0.5786371 1 1.9906455 87.63327 1.0161957 0.7297461 0.51791775 0.44373074 0.06769013 707 354 > logs_ANN/salida_p02_0
../GA ../Data/DataFiles/p02 84 0.7164463 0.62229645 0.5786371 1 1.9906455 87.63327 1.0161957 0.7297461 0.51791775 0.44373074 0.06769013 707 354 > logs_ANN/salida_p02_1
../GA ../Data/DataFiles/p02 358 0.7164463 0.62229645 0.5786371 1 1.9906455 87.63327 1.0161957 0.7297461 0.51791775 0.44373074 0.06769013 707 354 > logs_ANN/salida_p02_2
../GA ../Data/DataFiles/p02 785 0.7164463 0.62229645 0.5786371 1 1.9906455 87.63327 1.0161957 0.7297461 0.51791775 0.44373074 0.06769013 707 354 > logs_ANN/salida_p02_3
../GA ../Data/DataFiles/p02 48 0.7164463 0.62229645 0.5786371 1 1.9906455 87.63327 1.0161957 0.7297461 0.51791775 0.44373074 0.06769013 707 354 > logs_ANN/salida_p02_4
../GA ../Data/DataFiles/p02 287 0.7164463 0.62229645 0.5786371 1 1.9906455 87.63327 1.0161957 0.7297461 0.51791775 0.44373074 0.06769013 707 354 > logs_ANN/salida_p02_5
../GA ../Data/DataFiles/p02 683 0.7164463 0.62229645 0.5786371 1 1.9906455 87.63327 1.0161957 0.7297461 0.51791775 0.44373074 0.06769013 707 354 > logs_ANN/salida_p02_6
../GA ../Data/DataFiles/p02 332 0.7164463 0.62229645 0.5786371 1 1.9906455 87.63327 1.0161957 0.7297461 0.51791775 0.44373074 0.06769013 707 354 > logs_ANN/salida_p02_7
../GA ../Data/DataFiles/p02 733 0.7164463 0.62229645 0.5786371 1 1.9906455 87.63327 1.0161957 0.7297461 0.51791775 0.44373074 0.06769013 707 354 > logs_ANN/salida_p02_8
../GA ../Data/DataFiles/p02 896 0.7164463 0.62229645 0.5786371 1 1.9906455 87.63327 1.0161957 0.7297461 0.51791775 0.44373074 0.06769013 707 354 > logs_ANN/salida_p02_9
../GA ../Data/DataFiles/p03 992 0.6824023 0.5916799 0.8019732 1 1.9171035 94.68069 4.1919866 0.7758564 0.37291542 0.3583269 0.06786437 1014 507 > logs_ANN/salida_p03_0
../GA ../Data/DataFiles/p03 932 0.6824023 0.5916799 0.8019732 1 1.9171035 94.68069 4.1919866 0.7758564 0.37291542 0.3583269 0.06786437 1014 507 > logs_ANN/salida_p03_1
../GA ../Data/DataFiles/p03 224 0.6824023 0.5916799 0.8019732 1 1.9171035 94.68069 4.1919866 0.7758564 0.37291542 0.3583269 0.06786437 1014 507 > logs_ANN/salida_p03_2
../GA ../Data/DataFiles/p03 809 0.6824023 0.5916799 0.8019732 1 1.9171035 94.68069 4.1919866 0.7758564 0.37291542 0.3583269 0.06786437 1014 507 > logs_ANN/salida_p03_3
../GA ../Data/DataFiles/p03 11 0.6824023 0.5916799 0.8019732 1 1.9171035 94.68069 4.1919866 0.7758564 0.37291542 0.3583269 0.06786437 1014 507 > logs_ANN/salida_p03_4
../GA ../Data/DataFiles/p03 858 0.6824023 0.5916799 0.8019732 1 1.9171035 94.68069 4.1919866 0.7758564 0.37291542 0.3583269 0.06786437 1014 507 > logs_ANN/salida_p03_5
../GA ../Data/DataFiles/p03 368 0.6824023 0.5916799 0.8019732 1 1.9171035 94.68069 4.1919866 0.7758564 0.37291542 0.3583269 0.06786437 1014 507 > logs_ANN/salida_p03_6
../GA ../Data/DataFiles/p03 761 0.6824023 0.5916799 0.8019732 1 1.9171035 94.68069 4.1919866 0.7758564 0.37291542 0.3583269 0.06786437 1014 507 > logs_ANN/salida_p03_7
../GA ../Data/DataFiles/p03 191 0.6824023 0.5916799 0.8019732 1 1.9171035 94.68069 4.1919866 0.7758564 0.37291542 0.3583269 0.06786437 1014 507 > logs_ANN/salida_p03_8
../GA ../Data/DataFiles/p03 216 0.6824023 0.5916799 0.8019732 1 1.9171035 94.68069 4.1919866 0.7758564 0.37291542 0.3583269 0.06786437 1014 507 > logs_ANN/salida_p03_9
../GA ../Data/DataFiles/p04 4 0.9775292 0.52234036 0.6447384 4 1.5260918 62.426952 4.881308 0.8375206 0.32542515 0.38236374 0.094091624 706 353 > logs_ANN/salida_p04_0
../GA ../Data/DataFiles/p04 731 0.9775292 0.52234036 0.6447384 4 1.5260918 62.426952 4.881308 0.8375206 0.32542515 0.38236374 0.094091624 706 353 > logs_ANN/salida_p04_1
../GA ../Data/DataFiles/p04 894 0.9775292 0.52234036 0.6447384 4 1.5260918 62.426952 4.881308 0.8375206 0.32542515 0.38236374 0.094091624 706 353 > logs_ANN/salida_p04_2
../GA ../Data/DataFiles/p04 617 0.9775292 0.52234036 0.6447384 4 1.5260918 62.426952 4.881308 0.8375206 0.32542515 0.38236374 0.094091624 706 353 > logs_ANN/salida_p04_3
../GA ../Data/DataFiles/p04 88 0.9775292 0.52234036 0.6447384 4 1.5260918 62.426952 4.881308 0.8375206 0.32542515 0.38236374 0.094091624 706 353 > logs_ANN/salida_p04_4
../GA ../Data/DataFiles/p04 562 0.9775292 0.52234036 0.6447384 4 1.5260918 62.426952 4.881308 0.8375206 0.32542515 0.38236374 0.094091624 706 353 > logs_ANN/salida_p04_5
../GA ../Data/DataFiles/p04 299 0.9775292 0.52234036 0.6447384 4 1.5260918 62.426952 4.881308 0.8375206 0.32542515 0.38236374 0.094091624 706 353 > logs_ANN/salida_p04_6
../GA ../Data/DataFiles/p04 298 0.9775292 0.52234036 0.6447384 4 1.5260918 62.426952 4.881308 0.8375206 0.32542515 0.38236374 0.094091624 706 353 > logs_ANN/salida_p04_7
../GA ../Data/DataFiles/p04 743 0.9775292 0.52234036 0.6447384 4 1.5260918 62.426952 4.881308 0.8375206 0.32542515 0.38236374 0.094091624 706 353 > logs_ANN/salida_p04_8
../GA ../Data/DataFiles/p04 324 0.9775292 0.52234036 0.6447384 4 1.5260918 62.426952 4.881308 0.8375206 0.32542515 0.38236374 0.094091624 706 353 > logs_ANN/salida_p04_9
../GA ../Data/DataFiles/p05 520 0.6692965 0.7007806 0.6652592 1 1.5613043 111.28344 2.185421 0.7981831 0.3559291 0.45432356 0.08914184 1306 653 > logs_ANN/salida_p05_0
../GA ../Data/DataFiles/p05 916 0.6692965 0.7007806 0.6652592 1 1.5613043 111.28344 2.185421 0.7981831 0.3559291 0.45432356 0.08914184 1306 653 > logs_ANN/salida_p05_1
../GA ../Data/DataFiles/p05 92 0.6692965 0.7007806 0.6652592 1 1.5613043 111.28344 2.185421 0.7981831 0.3559291 0.45432356 0.08914184 1306 653 > logs_ANN/salida_p05_2
../GA ../Data/DataFiles/p05 48 0.6692965 0.7007806 0.6652592 1 1.5613043 111.28344 2.185421 0.7981831 0.3559291 0.45432356 0.08914184 1306 653 > logs_ANN/salida_p05_3
../GA ../Data/DataFiles/p05 902 0.6692965 0.7007806 0.6652592 1 1.5613043 111.28344 2.185421 0.7981831 0.3559291 0.45432356 0.08914184 1306 653 > logs_ANN/salida_p05_4
../GA ../Data/DataFiles/p05 8 0.6692965 0.7007806 0.6652592 1 1.5613043 111.28344 2.185421 0.7981831 0.3559291 0.45432356 0.08914184 1306 653 > logs_ANN/salida_p05_5
../GA ../Data/DataFiles/p05 710 0.6692965 0.7007806 0.6652592 1 1.5613043 111.28344 2.185421 0.7981831 0.3559291 0.45432356 0.08914184 1306 653 > logs_ANN/salida_p05_6
../GA ../Data/DataFiles/p05 823 0.6692965 0.7007806 0.6652592 1 1.5613043 111.28344 2.185421 0.7981831 0.3559291 0.45432356 0.08914184 1306 653 > logs_ANN/salida_p05_7
../GA ../Data/DataFiles/p05 902 0.6692965 0.7007806 0.6652592 1 1.5613043 111.28344 2.185421 0.7981831 0.3559291 0.45432356 0.08914184 1306 653 > logs_ANN/salida_p05_8
../GA ../Data/DataFiles/p05 627 0.6692965 0.7007806 0.6652592 1 1.5613043 111.28344 2.185421 0.7981831 0.3559291 0.45432356 0.08914184 1306 653 > logs_ANN/salida_p05_9
../GA ../Data/DataFiles/p06 898 0.8113788 0.64944965 0.7103393 2 2.0207312 103.6739 1.9593983 0.8319925 0.44907978 0.41755432 0.10000039 1144 572 > logs_ANN/salida_p06_0
../GA ../Data/DataFiles/p06 645 0.8113788 0.64944965 0.7103393 2 2.0207312 103.6739 1.9593983 0.8319925 0.44907978 0.41755432 0.10000039 1144 572 > logs_ANN/salida_p06_1
../GA ../Data/DataFiles/p06 415 0.8113788 0.64944965 0.7103393 2 2.0207312 103.6739 1.9593983 0.8319925 0.44907978 0.41755432 0.10000039 1144 572 > logs_ANN/salida_p06_2
../GA ../Data/DataFiles/p06 587 0.8113788 0.64944965 0.7103393 2 2.0207312 103.6739 1.9593983 0.8319925 0.44907978 0.41755432 0.10000039 1144 572 > logs_ANN/salida_p06_3
../GA ../Data/DataFiles/p06 463 0.8113788 0.64944965 0.7103393 2 2.0207312 103.6739 1.9593983 0.8319925 0.44907978 0.41755432 0.10000039 1144 572 > logs_ANN/salida_p06_4
../GA ../Data/DataFiles/p06 810 0.8113788 0.64944965 0.7103393 2 2.0207312 103.6739 1.9593983 0.8319925 0.44907978 0.41755432 0.10000039 1144 572 > logs_ANN/salida_p06_5
../GA ../Data/DataFiles/p06 105 0.8113788 0.64944965 0.7103393 2 2.0207312 103.6739 1.9593983 0.8319925 0.44907978 0.41755432 0.10000039 1144 572 > logs_ANN/salida_p06_6
../GA ../Data/DataFiles/p06 303 0.8113788 0.64944965 0.7103393 2 2.0207312 103.6739 1.9593983 0.8319925 0.44907978 0.41755432 0.10000039 1144 572 > logs_ANN/salida_p06_7
../GA ../Data/DataFiles/p06 231 0.8113788 0.64944965 0.7103393 2 2.0207312 103.6739 1.9593983 0.8319925 0.44907978 0.41755432 0.10000039 1144 572 > logs_ANN/salida_p06_8
../GA ../Data/DataFiles/p06 682 0.8113788 0.64944965 0.7103393 2 2.0207312 103.6739 1.9593983 0.8319925 0.44907978 0.41755432 0.10000039 1144 572 > logs_ANN/salida_p06_9
../GA ../Data/DataFiles/p07 760 0.8485222 0.56654096 0.6969885 2 1.8552406 85.21933 3.359458 0.79695976 0.40770566 0.38232613 0.07959407 854 427 > logs_ANN/salida_p07_0
../GA ../Data/DataFiles/p07 219 0.8485222 0.56654096 0.6969885 2 1.8552406 85.21933 3.359458 0.79695976 0.40770566 0.38232613 0.07959407 854 427 > logs_ANN/salida_p07_1
../GA ../Data/DataFiles/p07 914 0.8485222 0.56654096 0.6969885 2 1.8552406 85.21933 3.359458 0.79695976 0.40770566 0.38232613 0.07959407 854 427 > logs_ANN/salida_p07_2
../GA ../Data/DataFiles/p07 183 0.8485222 0.56654096 0.6969885 2 1.8552406 85.21933 3.359458 0.79695976 0.40770566 0.38232613 0.07959407 854 427 > logs_ANN/salida_p07_3
../GA ../Data/DataFiles/p07 343 0.8485222 0.56654096 0.6969885 2 1.8552406 85.21933 3.359458 0.79695976 0.40770566 0.38232613 0.07959407 854 427 > logs_ANN/salida_p07_4
../GA ../Data/DataFiles/p07 562 0.8485222 0.56654096 0.6969885 2 1.8552406 85.21933 3.359458 0.79695976 0.40770566 0.38232613 0.07959407 854 427 > logs_ANN/salida_p07_5
../GA ../Data/DataFiles/p07 969 0.8485222 0.56654096 0.6969885 2 1.8552406 85.21933 3.359458 0.79695976 0.40770566 0.38232613 0.07959407 854 427 > logs_ANN/salida_p07_6
../GA ../Data/DataFiles/p07 399 0.8485222 0.56654096 0.6969885 2 1.8552406 85.21933 3.359458 0.79695976 0.40770566 0.38232613 0.07959407 854 427 > logs_ANN/salida_p07_7
../GA ../Data/DataFiles/p07 204 0.8485222 0.56654096 0.6969885 2 1.8552406 85.21933 3.359458 0.79695976 0.40770566 0.38232613 0.07959407 854 427 > logs_ANN/salida_p07_8
../GA ../Data/DataFiles/p07 389 0.8485222 0.56654096 0.6969885 2 1.8552406 85.21933 3.359458 0.79695976 0.40770566 0.38232613 0.07959407 854 427 > logs_ANN/salida_p07_9
../GA ../Data/DataFiles/p08 959 0.91076434 0.4119759 0.40859482 13 1.3148667 96.05788 1.3659533 0.7988127 0.32098764 0.51580757 0.08880651 746 373 > logs_ANN/salida_p08_0
../GA ../Data/DataFiles/p08 567 0.91076434 0.4119759 0.40859482 13 1.3148667 96.05788 1.3659533 0.7988127 0.32098764 0.51580757 0.08880651 746 373 > logs_ANN/salida_p08_1
../GA ../Data/DataFiles/p08 696 0.91076434 0.4119759 0.40859482 13 1.3148667 96.05788 1.3659533 0.7988127 0.32098764 0.51580757 0.08880651 746 373 > logs_ANN/salida_p08_2
../GA ../Data/DataFiles/p08 291 0.91076434 0.4119759 0.40859482 13 1.3148667 96.05788 1.3659533 0.7988127 0.32098764 0.51580757 0.08880651 746 373 > logs_ANN/salida_p08_3
../GA ../Data/DataFiles/p08 244 0.91076434 0.4119759 0.40859482 13 1.3148667 96.05788 1.3659533 0.7988127 0.32098764 0.51580757 0.08880651 746 373 > logs_ANN/salida_p08_4
../GA ../Data/DataFiles/p08 967 0.91076434 0.4119759 0.40859482 13 1.3148667 96.05788 1.3659533 0.7988127 0.32098764 0.51580757 0.08880651 746 373 > logs_ANN/salida_p08_5
../GA ../Data/DataFiles/p08 62 0.91076434 0.4119759 0.40859482 13 1.3148667 96.05788 1.3659533 0.7988127 0.32098764 0.51580757 0.08880651 746 373 > logs_ANN/salida_p08_6
../GA ../Data/DataFiles/p08 696 0.91076434 0.4119759 0.40859482 13 1.3148667 96.05788 1.3659533 0.7988127 0.32098764 0.51580757 0.08880651 746 373 > logs_ANN/salida_p08_7
../GA ../Data/DataFiles/p08 845 0.91076434 0.4119759 0.40859482 13 1.3148667 96.05788 1.3659533 0.7988127 0.32098764 0.51580757 0.08880651 746 373 > logs_ANN/salida_p08_8
../GA ../Data/DataFiles/p08 633 0.91076434 0.4119759 0.40859482 13 1.3148667 96.05788 1.3659533 0.7988127 0.32098764 0.51580757 0.08880651 746 373 > logs_ANN/salida_p08_9
../GA ../Data/DataFiles/p09 707 0.8750683 0.5496975 0.54156774 4 1.67969 109.83295 1.2063144 0.8078135 0.4808603 0.5966967 0.100679055 1197 599 > logs_ANN/salida_p09_0
../GA ../Data/DataFiles/p09 632 0.8750683 0.5496975 0.54156774 4 1.67969 109.83295 1.2063144 0.8078135 0.4808603 0.5966967 0.100679055 1197 599 > logs_ANN/salida_p09_1
../GA ../Data/DataFiles/p09 11 0.8750683 0.5496975 0.54156774 4 1.67969 109.83295 1.2063144 0.8078135 0.4808603 0.5966967 0.100679055 1197 599 > logs_ANN/salida_p09_2
../GA ../Data/DataFiles/p09 18 0.8750683 0.5496975 0.54156774 4 1.67969 109.83295 1.2063144 0.8078135 0.4808603 0.5966967 0.100679055 1197 599 > logs_ANN/salida_p09_3
../GA ../Data/DataFiles/p09 249 0.8750683 0.5496975 0.54156774 4 1.67969 109.83295 1.2063144 0.8078135 0.4808603 0.5966967 0.100679055 1197 599 > logs_ANN/salida_p09_4
../GA ../Data/DataFiles/p09 670 0.8750683 0.5496975 0.54156774 4 1.67969 109.83295 1.2063144 0.8078135 0.4808603 0.5966967 0.100679055 1197 599 > logs_ANN/salida_p09_5
../GA ../Data/DataFiles/p09 979 0.8750683 0.5496975 0.54156774 4 1.67969 109.83295 1.2063144 0.8078135 0.4808603 0.5966967 0.100679055 1197 599 > logs_ANN/salida_p09_6
../GA ../Data/DataFiles/p09 409 0.8750683 0.5496975 0.54156774 4 1.67969 109.83295 1.2063144 0.8078135 0.4808603 0.5966967 0.100679055 1197 599 > logs_ANN/salida_p09_7
../GA ../Data/DataFiles/p09 724 0.8750683 0.5496975 0.54156774 4 1.67969 109.83295 1.2063144 0.8078135 0.4808603 0.5966967 0.100679055 1197 599 > logs_ANN/salida_p09_8
../GA ../Data/DataFiles/p09 514 0.8750683 0.5496975 0.54156774 4 1.67969 109.83295 1.2063144 0.8078135 0.4808603 0.5966967 0.100679055 1197 599 > logs_ANN/salida_p09_9
../GA ../Data/DataFiles/p10 216 0.9156474 0.51075375 0.5690243 2 1.5870998 92.71428 0.08710831 0.78376496 0.473186 0.574574 0.086498365 964 482 > logs_ANN/salida_p10_0
../GA ../Data/DataFiles/p10 118 0.9156474 0.51075375 0.5690243 2 1.5870998 92.71428 0.08710831 0.78376496 0.473186 0.574574 0.086498365 964 482 > logs_ANN/salida_p10_1
../GA ../Data/DataFiles/p10 825 0.9156474 0.51075375 0.5690243 2 1.5870998 92.71428 0.08710831 0.78376496 0.473186 0.574574 0.086498365 964 482 > logs_ANN/salida_p10_2
../GA ../Data/DataFiles/p10 519 0.9156474 0.51075375 0.5690243 2 1.5870998 92.71428 0.08710831 0.78376496 0.473186 0.574574 0.086498365 964 482 > logs_ANN/salida_p10_3
../GA ../Data/DataFiles/p10 143 0.9156474 0.51075375 0.5690243 2 1.5870998 92.71428 0.08710831 0.78376496 0.473186 0.574574 0.086498365 964 482 > logs_ANN/salida_p10_4
../GA ../Data/DataFiles/p10 389 0.9156474 0.51075375 0.5690243 2 1.5870998 92.71428 0.08710831 0.78376496 0.473186 0.574574 0.086498365 964 482 > logs_ANN/salida_p10_5
../GA ../Data/DataFiles/p10 226 0.9156474 0.51075375 0.5690243 2 1.5870998 92.71428 0.08710831 0.78376496 0.473186 0.574574 0.086498365 964 482 > logs_ANN/salida_p10_6
../GA ../Data/DataFiles/p10 86 0.9156474 0.51075375 0.5690243 2 1.5870998 92.71428 0.08710831 0.78376496 0.473186 0.574574 0.086498365 964 482 > logs_ANN/salida_p10_7
../GA ../Data/DataFiles/p10 717 0.9156474 0.51075375 0.5690243 2 1.5870998 92.71428 0.08710831 0.78376496 0.473186 0.574574 0.086498365 964 482 > logs_ANN/salida_p10_8
../GA ../Data/DataFiles/p10 462 0.9156474 0.51075375 0.5690243 2 1.5870998 92.71428 0.08710831 0.78376496 0.473186 0.574574 0.086498365 964 482 > logs_ANN/salida_p10_9
../GA ../Data/DataFiles/p11 515 0.89365643 0.50717926 0.6159713 1 1.7012079 97.87871 0.3587061 0.77788645 0.4958173 0.59498334 0.084056616 860 430 > logs_ANN/salida_p11_0
../GA ../Data/DataFiles/p11 218 0.89365643 0.50717926 0.6159713 1 1.7012079 97.87871 0.3587061 0.77788645 0.4958173 0.59498334 0.084056616 860 430 > logs_ANN/salida_p11_1
../GA ../Data/DataFiles/p11 526 0.89365643 0.50717926 0.6159713 1 1.7012079 97.87871 0.3587061 0.77788645 0.4958173 0.59498334 0.084056616 860 430 > logs_ANN/salida_p11_2
../GA ../Data/DataFiles/p11 199 0.89365643 0.50717926 0.6159713 1 1.7012079 97.87871 0.3587061 0.77788645 0.4958173 0.59498334 0.084056616 860 430 > logs_ANN/salida_p11_3
../GA ../Data/DataFiles/p11 457 0.89365643 0.50717926 0.6159713 1 1.7012079 97.87871 0.3587061 0.77788645 0.4958173 0.59498334 0.084056616 860 430 > logs_ANN/salida_p11_4
../GA ../Data/DataFiles/p11 955 0.89365643 0.50717926 0.6159713 1 1.7012079 97.87871 0.3587061 0.77788645 0.4958173 0.59498334 0.084056616 860 430 > logs_ANN/salida_p11_5
../GA ../Data/DataFiles/p11 498 0.89365643 0.50717926 0.6159713 1 1.7012079 97.87871 0.3587061 0.77788645 0.4958173 0.59498334 0.084056616 860 430 > logs_ANN/salida_p11_6
../GA ../Data/DataFiles/p11 780 0.89365643 0.50717926 0.6159713 1 1.7012079 97.87871 0.3587061 0.77788645 0.4958173 0.59498334 0.084056616 860 430 > logs_ANN/salida_p11_7
../GA ../Data/DataFiles/p11 517 0.89365643 0.50717926 0.6159713 1 1.7012079 97.87871 0.3587061 0.77788645 0.4958173 0.59498334 0.084056616 860 430 > logs_ANN/salida_p11_8
../GA ../Data/DataFiles/p11 86 0.89365643 0.50717926 0.6159713 1 1.7012079 97.87871 0.3587061 0.77788645 0.4958173 0.59498334 0.084056616 860 430 > logs_ANN/salida_p11_9
../GA ../Data/DataFiles/p12 790 0.86685133 0.5410657 0.40609246 5 2.123482 55.836613 3.3949604 0.78137094 0.4438377 0.5754292 0.11288203 1569 784 > logs_ANN/salida_p12_0
../GA ../Data/DataFiles/p12 185 0.86685133 0.5410657 0.40609246 5 2.123482 55.836613 3.3949604 0.78137094 0.4438377 0.5754292 0.11288203 1569 784 > logs_ANN/salida_p12_1
../GA ../Data/DataFiles/p12 417 0.86685133 0.5410657 0.40609246 5 2.123482 55.836613 3.3949604 0.78137094 0.4438377 0.5754292 0.11288203 1569 784 > logs_ANN/salida_p12_2
../GA ../Data/DataFiles/p12 797 0.86685133 0.5410657 0.40609246 5 2.123482 55.836613 3.3949604 0.78137094 0.4438377 0.5754292 0.11288203 1569 784 > logs_ANN/salida_p12_3
../GA ../Data/DataFiles/p12 295 0.86685133 0.5410657 0.40609246 5 2.123482 55.836613 3.3949604 0.78137094 0.4438377 0.5754292 0.11288203 1569 784 > logs_ANN/salida_p12_4
../GA ../Data/DataFiles/p12 688 0.86685133 0.5410657 0.40609246 5 2.123482 55.836613 3.3949604 0.78137094 0.4438377 0.5754292 0.11288203 1569 784 > logs_ANN/salida_p12_5
../GA ../Data/DataFiles/p12 8 0.86685133 0.5410657 0.40609246 5 2.123482 55.836613 3.3949604 0.78137094 0.4438377 0.5754292 0.11288203 1569 784 > logs_ANN/salida_p12_6
../GA ../Data/DataFiles/p12 414 0.86685133 0.5410657 0.40609246 5 2.123482 55.836613 3.3949604 0.78137094 0.4438377 0.5754292 0.11288203 1569 784 > logs_ANN/salida_p12_7
../GA ../Data/DataFiles/p12 875 0.86685133 0.5410657 0.40609246 5 2.123482 55.836613 3.3949604 0.78137094 0.4438377 0.5754292 0.11288203 1569 784 > logs_ANN/salida_p12_8
../GA ../Data/DataFiles/p12 680 0.86685133 0.5410657 0.40609246 5 2.123482 55.836613 3.3949604 0.78137094 0.4438377 0.5754292 0.11288203 1569 784 > logs_ANN/salida_p12_9
../GA ../Data/DataFiles/p13 173 0.86685133 0.5410657 0.40609246 5 2.123482 55.836613 3.3949604 0.78137094 0.4438377 0.5754292 0.11288203 1569 784 > logs_ANN/salida_p13_0
../GA ../Data/DataFiles/p13 849 0.86685133 0.5410657 0.40609246 5 2.123482 55.836613 3.3949604 0.78137094 0.4438377 0.5754292 0.11288203 1569 784 > logs_ANN/salida_p13_1
../GA ../Data/DataFiles/p13 438 0.86685133 0.5410657 0.40609246 5 2.123482 55.836613 3.3949604 0.78137094 0.4438377 0.5754292 0.11288203 1569 784 > logs_ANN/salida_p13_2
../GA ../Data/DataFiles/p13 359 0.86685133 0.5410657 0.40609246 5 2.123482 55.836613 3.3949604 0.78137094 0.4438377 0.5754292 0.11288203 1569 784 > logs_ANN/salida_p13_3
../GA ../Data/DataFiles/p13 282 0.86685133 0.5410657 0.40609246 5 2.123482 55.836613 3.3949604 0.78137094 0.4438377 0.5754292 0.11288203 1569 784 > logs_ANN/salida_p13_4
../GA ../Data/DataFiles/p13 715 0.86685133 0.5410657 0.40609246 5 2.123482 55.836613 3.3949604 0.78137094 0.4438377 0.5754292 0.11288203 1569 784 > logs_ANN/salida_p13_5
../GA ../Data/DataFiles/p13 725 0.86685133 0.5410657 0.40609246 5 2.123482 55.836613 3.3949604 0.78137094 0.4438377 0.5754292 0.11288203 1569 784 > logs_ANN/salida_p13_6
../GA ../Data/DataFiles/p13 462 0.86685133 0.5410657 0.40609246 5 2.123482 55.836613 3.3949604 0.78137094 0.4438377 0.5754292 0.11288203 1569 784 > logs_ANN/salida_p13_7
../GA ../Data/DataFiles/p13 808 0.86685133 0.5410657 0.40609246 5 2.123482 55.836613 3.3949604 0.78137094 0.4438377 0.5754292 0.11288203 1569 784 > logs_ANN/salida_p13_8
../GA ../Data/DataFiles/p13 996 0.86685133 0.5410657 0.40609246 5 2.123482 55.836613 3.3949604 0.78137094 0.4438377 0.5754292 0.11288203 1569 784 > logs_ANN/salida_p13_9
../GA ../Data/DataFiles/p14 513 0.86685133 0.5410657 0.40609246 5 2.123482 55.836613 3.3949604 0.78137094 0.4438377 0.5754292 0.11288203 1569 784 > logs_ANN/salida_p14_0
../GA ../Data/DataFiles/p14 909 0.86685133 0.5410657 0.40609246 5 2.123482 55.836613 3.3949604 0.78137094 0.4438377 0.5754292 0.11288203 1569 784 > logs_ANN/salida_p14_1
../GA ../Data/DataFiles/p14 447 0.86685133 0.5410657 0.40609246 5 2.123482 55.836613 3.3949604 0.78137094 0.4438377 0.5754292 0.11288203 1569 784 > logs_ANN/salida_p14_2
../GA ../Data/DataFiles/p14 859 0.86685133 0.5410657 0.40609246 5 2.123482 55.836613 3.3949604 0.78137094 0.4438377 0.5754292 0.11288203 1569 784 > logs_ANN/salida_p14_3
../GA ../Data/DataFiles/p14 468 0.86685133 0.5410657 0.40609246 5 2.123482 55.836613 3.3949604 0.78137094 0.4438377 0.5754292 0.11288203 1569 784 > logs_ANN/salida_p14_4
../GA ../Data/DataFiles/p14 54 0.86685133 0.5410657 0.40609246 5 2.123482 55.836613 3.3949604 0.78137094 0.4438377 0.5754292 0.11288203 1569 784 > logs_ANN/salida_p14_5
../GA ../Data/DataFiles/p14 124 0.86685133 0.5410657 0.40609246 5 2.123482 55.836613 3.3949604 0.78137094 0.4438377 0.5754292 0.11288203 1569 784 > logs_ANN/salida_p14_6
../GA ../Data/DataFiles/p14 628 0.86685133 0.5410657 0.40609246 5 2.123482 55.836613 3.3949604 0.78137094 0.4438377 0.5754292 0.11288203 1569 784 > logs_ANN/salida_p14_7
../GA ../Data/DataFiles/p14 588 0.86685133 0.5410657 0.40609246 5 2.123482 55.836613 3.3949604 0.78137094 0.4438377 0.5754292 0.11288203 1569 784 > logs_ANN/salida_p14_8
../GA ../Data/DataFiles/p14 829 0.86685133 0.5410657 0.40609246 5 2.123482 55.836613 3.3949604 0.78137094 0.4438377 0.5754292 0.11288203 1569 784 > logs_ANN/salida_p14_9
../GA ../Data/DataFiles/p15 334 0.92629826 0.44426534 0.5121921 4 1.4916601 99.16398 1.1134813 0.832548 0.5180199 0.5490563 0.07716108 316 316 > logs_ANN/salida_p15_0
../GA ../Data/DataFiles/p15 722 0.92629826 0.44426534 0.5121921 4 1.4916601 99.16398 1.1134813 0.832548 0.5180199 0.5490563 0.07716108 316 316 > logs_ANN/salida_p15_1
../GA ../Data/DataFiles/p15 471 0.92629826 0.44426534 0.5121921 4 1.4916601 99.16398 1.1134813 0.832548 0.5180199 0.5490563 0.07716108 316 316 > logs_ANN/salida_p15_2
../GA ../Data/DataFiles/p15 594 0.92629826 0.44426534 0.5121921 4 1.4916601 99.16398 1.1134813 0.832548 0.5180199 0.5490563 0.07716108 316 316 > logs_ANN/salida_p15_3
../GA ../Data/DataFiles/p15 814 0.92629826 0.44426534 0.5121921 4 1.4916601 99.16398 1.1134813 0.832548 0.5180199 0.5490563 0.07716108 316 316 > logs_ANN/salida_p15_4
../GA ../Data/DataFiles/p15 492 0.92629826 0.44426534 0.5121921 4 1.4916601 99.16398 1.1134813 0.832548 0.5180199 0.5490563 0.07716108 316 316 > logs_ANN/salida_p15_5
../GA ../Data/DataFiles/p15 624 0.92629826 0.44426534 0.5121921 4 1.4916601 99.16398 1.1134813 0.832548 0.5180199 0.5490563 0.07716108 316 316 > logs_ANN/salida_p15_6
../GA ../Data/DataFiles/p15 231 0.92629826 0.44426534 0.5121921 4 1.4916601 99.16398 1.1134813 0.832548 0.5180199 0.5490563 0.07716108 316 316 > logs_ANN/salida_p15_7
../GA ../Data/DataFiles/p15 727 0.92629826 0.44426534 0.5121921 4 1.4916601 99.16398 1.1134813 0.832548 0.5180199 0.5490563 0.07716108 316 316 > logs_ANN/salida_p15_8
../GA ../Data/DataFiles/p15 886 0.92629826 0.44426534 0.5121921 4 1.4916601 99.16398 1.1134813 0.832548 0.5180199 0.5490563 0.07716108 316 316 > logs_ANN/salida_p15_9
../GA ../Data/DataFiles/p16 487 0.92629826 0.44426534 0.5121921 4 1.4916601 99.16398 1.1134813 0.832548 0.5180199 0.5490563 0.07716108 316 316 > logs_ANN/salida_p16_0
../GA ../Data/DataFiles/p16 843 0.92629826 0.44426534 0.5121921 4 1.4916601 99.16398 1.1134813 0.832548 0.5180199 0.5490563 0.07716108 316 316 > logs_ANN/salida_p16_1
../GA ../Data/DataFiles/p16 365 0.92629826 0.44426534 0.5121921 4 1.4916601 99.16398 1.1134813 0.832548 0.5180199 0.5490563 0.07716108 316 316 > logs_ANN/salida_p16_2
../GA ../Data/DataFiles/p16 199 0.92629826 0.44426534 0.5121921 4 1.4916601 99.16398 1.1134813 0.832548 0.5180199 0.5490563 0.07716108 316 316 > logs_ANN/salida_p16_3
../GA ../Data/DataFiles/p16 954 0.92629826 0.44426534 0.5121921 4 1.4916601 99.16398 1.1134813 0.832548 0.5180199 0.5490563 0.07716108 316 316 > logs_ANN/salida_p16_4
../GA ../Data/DataFiles/p16 115 0.92629826 0.44426534 0.5121921 4 1.4916601 99.16398 1.1134813 0.832548 0.5180199 0.5490563 0.07716108 316 316 > logs_ANN/salida_p16_5
../GA ../Data/DataFiles/p16 589 0.92629826 0.44426534 0.5121921 4 1.4916601 99.16398 1.1134813 0.832548 0.5180199 0.5490563 0.07716108 316 316 > logs_ANN/salida_p16_6
../GA ../Data/DataFiles/p16 793 0.92629826 0.44426534 0.5121921 4 1.4916601 99.16398 1.1134813 0.832548 0.5180199 0.5490563 0.07716108 316 316 > logs_ANN/salida_p16_7
../GA ../Data/DataFiles/p16 306 0.92629826 0.44426534 0.5121921 4 1.4916601 99.16398 1.1134813 0.832548 0.5180199 0.5490563 0.07716108 316 316 > logs_ANN/salida_p16_8
../GA ../Data/DataFiles/p16 771 0.92629826 0.44426534 0.5121921 4 1.4916601 99.16398 1.1134813 0.832548 0.5180199 0.5490563 0.07716108 316 316 > logs_ANN/salida_p16_9
../GA ../Data/DataFiles/p17 806 0.92629826 0.44426534 0.5121921 4 1.4916601 99.16398 1.1134813 0.832548 0.5180199 0.5490563 0.07716108 316 316 > logs_ANN/salida_p17_0
../GA ../Data/DataFiles/p17 351 0.92629826 0.44426534 0.5121921 4 1.4916601 99.16398 1.1134813 0.832548 0.5180199 0.5490563 0.07716108 316 316 > logs_ANN/salida_p17_1
../GA ../Data/DataFiles/p17 308 0.92629826 0.44426534 0.5121921 4 1.4916601 99.16398 1.1134813 0.832548 0.5180199 0.5490563 0.07716108 316 316 > logs_ANN/salida_p17_2
../GA ../Data/DataFiles/p17 707 0.92629826 0.44426534 0.5121921 4 1.4916601 99.16398 1.1134813 0.832548 0.5180199 0.5490563 0.07716108 316 316 > logs_ANN/salida_p17_3
../GA ../Data/DataFiles/p17 270 0.92629826 0.44426534 0.5121921 4 1.4916601 99.16398 1.1134813 0.832548 0.5180199 0.5490563 0.07716108 316 316 > logs_ANN/salida_p17_4
../GA ../Data/DataFiles/p17 99 0.92629826 0.44426534 0.5121921 4 1.4916601 99.16398 1.1134813 0.832548 0.5180199 0.5490563 0.07716108 316 316 > logs_ANN/salida_p17_5
../GA ../Data/DataFiles/p17 965 0.92629826 0.44426534 0.5121921 4 1.4916601 99.16398 1.1134813 0.832548 0.5180199 0.5490563 0.07716108 316 316 > logs_ANN/salida_p17_6
../GA ../Data/DataFiles/p17 454 0.92629826 0.44426534 0.5121921 4 1.4916601 99.16398 1.1134813 0.832548 0.5180199 0.5490563 0.07716108 316 316 > logs_ANN/salida_p17_7
../GA ../Data/DataFiles/p17 313 0.92629826 0.44426534 0.5121921 4 1.4916601 99.16398 1.1134813 0.832548 0.5180199 0.5490563 0.07716108 316 316 > logs_ANN/salida_p17_8
../GA ../Data/DataFiles/p17 151 0.92629826 0.44426534 0.5121921 4 1.4916601 99.16398 1.1134813 0.832548 0.5180199 0.5490563 0.07716108 316 316 > logs_ANN/salida_p17_9
../GA ../Data/DataFiles/p18 402 0.89774215 0.49987814 0.5801263 4 1.7130554 100.798035 2.0034046 0.83078784 0.58672124 0.5873851 0.089380845 518 193 > logs_ANN/salida_p18_0
../GA ../Data/DataFiles/p18 873 0.89774215 0.49987814 0.5801263 4 1.7130554 100.798035 2.0034046 0.83078784 0.58672124 0.5873851 0.089380845 518 193 > logs_ANN/salida_p18_1
../GA ../Data/DataFiles/p18 181 0.89774215 0.49987814 0.5801263 4 1.7130554 100.798035 2.0034046 0.83078784 0.58672124 0.5873851 0.089380845 518 193 > logs_ANN/salida_p18_2
../GA ../Data/DataFiles/p18 939 0.89774215 0.49987814 0.5801263 4 1.7130554 100.798035 2.0034046 0.83078784 0.58672124 0.5873851 0.089380845 518 193 > logs_ANN/salida_p18_3
../GA ../Data/DataFiles/p18 92 0.89774215 0.49987814 0.5801263 4 1.7130554 100.798035 2.0034046 0.83078784 0.58672124 0.5873851 0.089380845 518 193 > logs_ANN/salida_p18_4
../GA ../Data/DataFiles/p18 897 0.89774215 0.49987814 0.5801263 4 1.7130554 100.798035 2.0034046 0.83078784 0.58672124 0.5873851 0.089380845 518 193 > logs_ANN/salida_p18_5
../GA ../Data/DataFiles/p18 91 0.89774215 0.49987814 0.5801263 4 1.7130554 100.798035 2.0034046 0.83078784 0.58672124 0.5873851 0.089380845 518 193 > logs_ANN/salida_p18_6
../GA ../Data/DataFiles/p18 887 0.89774215 0.49987814 0.5801263 4 1.7130554 100.798035 2.0034046 0.83078784 0.58672124 0.5873851 0.089380845 518 193 > logs_ANN/salida_p18_7
../GA ../Data/DataFiles/p18 455 0.89774215 0.49987814 0.5801263 4 1.7130554 100.798035 2.0034046 0.83078784 0.58672124 0.5873851 0.089380845 518 193 > logs_ANN/salida_p18_8
../GA ../Data/DataFiles/p18 604 0.89774215 0.49987814 0.5801263 4 1.7130554 100.798035 2.0034046 0.83078784 0.58672124 0.5873851 0.089380845 518 193 > logs_ANN/salida_p18_9
../GA ../Data/DataFiles/p19 437 0.89774215 0.49987814 0.5801263 4 1.7130554 100.798035 2.0034046 0.83078784 0.58672124 0.5873851 0.089380845 518 193 > logs_ANN/salida_p19_0
../GA ../Data/DataFiles/p19 396 0.89774215 0.49987814 0.5801263 4 1.7130554 100.798035 2.0034046 0.83078784 0.58672124 0.5873851 0.089380845 518 193 > logs_ANN/salida_p19_1
../GA ../Data/DataFiles/p19 848 0.89774215 0.49987814 0.5801263 4 1.7130554 100.798035 2.0034046 0.83078784 0.58672124 0.5873851 0.089380845 518 193 > logs_ANN/salida_p19_2
../GA ../Data/DataFiles/p19 730 0.89774215 0.49987814 0.5801263 4 1.7130554 100.798035 2.0034046 0.83078784 0.58672124 0.5873851 0.089380845 518 193 > logs_ANN/salida_p19_3
../GA ../Data/DataFiles/p19 345 0.89774215 0.49987814 0.5801263 4 1.7130554 100.798035 2.0034046 0.83078784 0.58672124 0.5873851 0.089380845 518 193 > logs_ANN/salida_p19_4
../GA ../Data/DataFiles/p19 206 0.89774215 0.49987814 0.5801263 4 1.7130554 100.798035 2.0034046 0.83078784 0.58672124 0.5873851 0.089380845 518 193 > logs_ANN/salida_p19_5
../GA ../Data/DataFiles/p19 568 0.89774215 0.49987814 0.5801263 4 1.7130554 100.798035 2.0034046 0.83078784 0.58672124 0.5873851 0.089380845 518 193 > logs_ANN/salida_p19_6
../GA ../Data/DataFiles/p19 994 0.89774215 0.49987814 0.5801263 4 1.7130554 100.798035 2.0034046 0.83078784 0.58672124 0.5873851 0.089380845 518 193 > logs_ANN/salida_p19_7
../GA ../Data/DataFiles/p19 260 0.89774215 0.49987814 0.5801263 4 1.7130554 100.798035 2.0034046 0.83078784 0.58672124 0.5873851 0.089380845 518 193 > logs_ANN/salida_p19_8
../GA ../Data/DataFiles/p19 131 0.89774215 0.49987814 0.5801263 4 1.7130554 100.798035 2.0034046 0.83078784 0.58672124 0.5873851 0.089380845 518 193 > logs_ANN/salida_p19_9
../GA ../Data/DataFiles/p20 658 0.89774215 0.49987814 0.5801263 4 1.7130554 100.798035 2.0034046 0.83078784 0.58672124 0.5873851 0.089380845 518 193 > logs_ANN/salida_p20_0
../GA ../Data/DataFiles/p20 623 0.89774215 0.49987814 0.5801263 4 1.7130554 100.798035 2.0034046 0.83078784 0.58672124 0.5873851 0.089380845 518 193 > logs_ANN/salida_p20_1
../GA ../Data/DataFiles/p20 919 0.89774215 0.49987814 0.5801263 4 1.7130554 100.798035 2.0034046 0.83078784 0.58672124 0.5873851 0.089380845 518 193 > logs_ANN/salida_p20_2
../GA ../Data/DataFiles/p20 369 0.89774215 0.49987814 0.5801263 4 1.7130554 100.798035 2.0034046 0.83078784 0.58672124 0.5873851 0.089380845 518 193 > logs_ANN/salida_p20_3
../GA ../Data/DataFiles/p20 600 0.89774215 0.49987814 0.5801263 4 1.7130554 100.798035 2.0034046 0.83078784 0.58672124 0.5873851 0.089380845 518 193 > logs_ANN/salida_p20_4
../GA ../Data/DataFiles/p20 544 0.89774215 0.49987814 0.5801263 4 1.7130554 100.798035 2.0034046 0.83078784 0.58672124 0.5873851 0.089380845 518 193 > logs_ANN/salida_p20_5
../GA ../Data/DataFiles/p20 868 0.89774215 0.49987814 0.5801263 4 1.7130554 100.798035 2.0034046 0.83078784 0.58672124 0.5873851 0.089380845 518 193 > logs_ANN/salida_p20_6
../GA ../Data/DataFiles/p20 318 0.89774215 0.49987814 0.5801263 4 1.7130554 100.798035 2.0034046 0.83078784 0.58672124 0.5873851 0.089380845 518 193 > logs_ANN/salida_p20_7
../GA ../Data/DataFiles/p20 973 0.89774215 0.49987814 0.5801263 4 1.7130554 100.798035 2.0034046 0.83078784 0.58672124 0.5873851 0.089380845 518 193 > logs_ANN/salida_p20_8
../GA ../Data/DataFiles/p20 557 0.89774215 0.49987814 0.5801263 4 1.7130554 100.798035 2.0034046 0.83078784 0.58672124 0.5873851 0.089380845 518 193 > logs_ANN/salida_p20_9
../GA ../Data/DataFiles/p21 256 0.88339156 0.52624905 0.6549742 5 1.7906299 89.15586 4.372473 0.79868567 0.6394608 0.5828881 0.08925955 1087 93 > logs_ANN/salida_p21_0
../GA ../Data/DataFiles/p21 284 0.88339156 0.52624905 0.6549742 5 1.7906299 89.15586 4.372473 0.79868567 0.6394608 0.5828881 0.08925955 1087 93 > logs_ANN/salida_p21_1
../GA ../Data/DataFiles/p21 421 0.88339156 0.52624905 0.6549742 5 1.7906299 89.15586 4.372473 0.79868567 0.6394608 0.5828881 0.08925955 1087 93 > logs_ANN/salida_p21_2
../GA ../Data/DataFiles/p21 701 0.88339156 0.52624905 0.6549742 5 1.7906299 89.15586 4.372473 0.79868567 0.6394608 0.5828881 0.08925955 1087 93 > logs_ANN/salida_p21_3
../GA ../Data/DataFiles/p21 604 0.88339156 0.52624905 0.6549742 5 1.7906299 89.15586 4.372473 0.79868567 0.6394608 0.5828881 0.08925955 1087 93 > logs_ANN/salida_p21_4
../GA ../Data/DataFiles/p21 152 0.88339156 0.52624905 0.6549742 5 1.7906299 89.15586 4.372473 0.79868567 0.6394608 0.5828881 0.08925955 1087 93 > logs_ANN/salida_p21_5
../GA ../Data/DataFiles/p21 629 0.88339156 0.52624905 0.6549742 5 1.7906299 89.15586 4.372473 0.79868567 0.6394608 0.5828881 0.08925955 1087 93 > logs_ANN/salida_p21_6
../GA ../Data/DataFiles/p21 467 0.88339156 0.52624905 0.6549742 5 1.7906299 89.15586 4.372473 0.79868567 0.6394608 0.5828881 0.08925955 1087 93 > logs_ANN/salida_p21_7
../GA ../Data/DataFiles/p21 564 0.88339156 0.52624905 0.6549742 5 1.7906299 89.15586 4.372473 0.79868567 0.6394608 0.5828881 0.08925955 1087 93 > logs_ANN/salida_p21_8
../GA ../Data/DataFiles/p21 1 0.88339156 0.52624905 0.6549742 5 1.7906299 89.15586 4.372473 0.79868567 0.6394608 0.5828881 0.08925955 1087 93 > logs_ANN/salida_p21_9
../GA ../Data/DataFiles/p22 252 0.88339156 0.52624905 0.6549742 5 1.7906299 89.15586 4.372473 0.79868567 0.6394608 0.5828881 0.08925955 1087 93 > logs_ANN/salida_p22_0
../GA ../Data/DataFiles/p22 955 0.88339156 0.52624905 0.6549742 5 1.7906299 89.15586 4.372473 0.79868567 0.6394608 0.5828881 0.08925955 1087 93 > logs_ANN/salida_p22_1
../GA ../Data/DataFiles/p22 564 0.88339156 0.52624905 0.6549742 5 1.7906299 89.15586 4.372473 0.79868567 0.6394608 0.5828881 0.08925955 1087 93 > logs_ANN/salida_p22_2
../GA ../Data/DataFiles/p22 437 0.88339156 0.52624905 0.6549742 5 1.7906299 89.15586 4.372473 0.79868567 0.6394608 0.5828881 0.08925955 1087 93 > logs_ANN/salida_p22_3
../GA ../Data/DataFiles/p22 995 0.88339156 0.52624905 0.6549742 5 1.7906299 89.15586 4.372473 0.79868567 0.6394608 0.5828881 0.08925955 1087 93 > logs_ANN/salida_p22_4
../GA ../Data/DataFiles/p22 667 0.88339156 0.52624905 0.6549742 5 1.7906299 89.15586 4.372473 0.79868567 0.6394608 0.5828881 0.08925955 1087 93 > logs_ANN/salida_p22_5
../GA ../Data/DataFiles/p22 542 0.88339156 0.52624905 0.6549742 5 1.7906299 89.15586 4.372473 0.79868567 0.6394608 0.5828881 0.08925955 1087 93 > logs_ANN/salida_p22_6
../GA ../Data/DataFiles/p22 2 0.88339156 0.52624905 0.6549742 5 1.7906299 89.15586 4.372473 0.79868567 0.6394608 0.5828881 0.08925955 1087 93 > logs_ANN/salida_p22_7
../GA ../Data/DataFiles/p22 769 0.88339156 0.52624905 0.6549742 5 1.7906299 89.15586 4.372473 0.79868567 0.6394608 0.5828881 0.08925955 1087 93 > logs_ANN/salida_p22_8
../GA ../Data/DataFiles/p22 468 0.88339156 0.52624905 0.6549742 5 1.7906299 89.15586 4.372473 0.79868567 0.6394608 0.5828881 0.08925955 1087 93 > logs_ANN/salida_p22_9
../GA ../Data/DataFiles/p23 296 0.88339156 0.5262491 0.6549742 5 1.7906293 89.15586 4.3724723 0.79868567 0.6394608 0.5828881 0.08925955 1087 93 > logs_ANN/salida_p23_0
../GA ../Data/DataFiles/p23 971 0.88339156 0.5262491 0.6549742 5 1.7906293 89.15586 4.3724723 0.79868567 0.6394608 0.5828881 0.08925955 1087 93 > logs_ANN/salida_p23_1
../GA ../Data/DataFiles/p23 723 0.88339156 0.5262491 0.6549742 5 1.7906293 89.15586 4.3724723 0.79868567 0.6394608 0.5828881 0.08925955 1087 93 > logs_ANN/salida_p23_2
../GA ../Data/DataFiles/p23 176 0.88339156 0.5262491 0.6549742 5 1.7906293 89.15586 4.3724723 0.79868567 0.6394608 0.5828881 0.08925955 1087 93 > logs_ANN/salida_p23_3
../GA ../Data/DataFiles/p23 634 0.88339156 0.5262491 0.6549742 5 1.7906293 89.15586 4.3724723 0.79868567 0.6394608 0.5828881 0.08925955 1087 93 > logs_ANN/salida_p23_4
../GA ../Data/DataFiles/p23 511 0.88339156 0.5262491 0.6549742 5 1.7906293 89.15586 4.3724723 0.79868567 0.6394608 0.5828881 0.08925955 1087 93 > logs_ANN/salida_p23_5
../GA ../Data/DataFiles/p23 97 0.88339156 0.5262491 0.6549742 5 1.7906293 89.15586 4.3724723 0.79868567 0.6394608 0.5828881 0.08925955 1087 93 > logs_ANN/salida_p23_6
../GA ../Data/DataFiles/p23 900 0.88339156 0.5262491 0.6549742 5 1.7906293 89.15586 4.3724723 0.79868567 0.6394608 0.5828881 0.08925955 1087 93 > logs_ANN/salida_p23_7
../GA ../Data/DataFiles/p23 40 0.88339156 0.5262491 0.6549742 5 1.7906293 89.15586 4.3724723 0.79868567 0.6394608 0.5828881 0.08925955 1087 93 > logs_ANN/salida_p23_8
../GA ../Data/DataFiles/p23 377 0.88339156 0.5262491 0.6549742 5 1.7906293 89.15586 4.3724723 0.79868567 0.6394608 0.5828881 0.08925955 1087 93 > logs_ANN/salida_p23_9
